problem/maps/Anzoategui.asc
NCOLS 368
NROWS 312
XLLCORNER -65.7333333663
YLLCORNER 7.6583333028
CELLSIZE 0.008333
NODATA_VALUE nan
[rows 252 to 287 of 312, columns 81 to 161 of 368]
4.3600 4.3500 4.3600 4.3600 4.3600 4.3600 4.3800 4.3900 4.4000 4.4000 4.4100 4.4100 4.4100 4.4000 4.3900 4.3900 4.3900 4.3900 4.3900 4.4100 4.4100 4.4100 4.4100 4.4200 4.4300 4.4300 4.4200 4.4200 4.4200 4.4200 4.4200 4.4200 4.4100 4.4100 4.4200 4.4300 4.4300 4.4300 4.4300 4.4200 4.4200 4.4100 4.4100 4.4000 4.4000 4.3900 4.3800 4.3800 4.3800 4.3700 4.3800 4.3800 4.3800 4.3900 4.3900 4.4000 4.4000 4.4100 4.4100 4.4100 4.4100 4.4100 4.4100 4.4100 4.4100 4.4200 4.4200 4.4300 4.4400 4.4400 4.4500 4.4500 4.4600 4.4700 4.4700 4.4800 4.4900 4.4800 4.4800 4.4800 4.4700
4.3600 4.3600 4.3500 4.3600 4.3600 4.3600 4.3700 4.3800 4.3900 4.4000 4.4000 4.4100 4.4100 4.4000 4.3900 4.3900 4.3800 4.3900 4.4000 4.4100 4.4100 4.4100 4.4200 4.4200 4.4200 4.4300 4.4200 4.4200 4.4200 4.4200 4.4100 4.4100 4.4100 4.4100 4.4200 4.4300 4.4300 4.4300 4.4300 4.4300 4.4300 4.4200 4.4100 4.4000 4.3900 4.3900 4.3800 4.3800 4.3700 4.3700 4.3800 4.3900 4.3900 4.4000 4.4000 4.4100 4.4100 4.4100 4.4200 4.4200 4.4300 4.4300 4.4300 4.4300 4.4300 4.4400 4.4400 4.4500 4.4500 4.4600 4.4700 4.4700 4.4800 4.4900 4.4900 4.5000 4.5200 4.5200 4.5200 4.5100 4.5100
4.3600 4.3500 4.3500 4.3600 4.3600 4.3600 4.3700 4.3800 4.3900 4.4000 4.4000 4.4000 4.4100 4.4000 4.4000 4.3900 4.3900 4.3900 4.3900 4.4000 4.4100 4.4100 4.4200 4.4200 4.4200 4.4300 4.4200 4.4200 4.4200 4.4200 4.4100 4.4100 4.4100 4.4100 4.4200 4.4300 4.4300 4.4300 4.4300 4.4300 4.4300 4.4200 4.4100 4.4100 4.4000 4.3900 4.3800 4.3700 4.3700 4.3700 4.3800 4.3900 4.3900 4.4000 4.4100 4.4200 4.4200 4.4300 4.4300 4.4400 4.4400 4.4500 4.4500 4.4500 4.4500 4.4600 4.4600 4.4700 4.4700 4.4800 4.4800 4.4900 4.5000 4.5100 4.5200 4.5300 4.5500 4.5500 4.5500 4.5500 4.5500
4.3600 4.3500 4.3500 4.3600 4.3600 4.3600 4.3700 4.3800 4.4000 4.4000 4.4000 4.4000 4.4100 4.4100 4.4000 4.3900 4.3900 4.3900 4.3900 4.4000 4.4100 4.4100 4.4200 4.4200 4.4200 4.4200 4.4200 4.4200 4.4200 4.4200 4.4100 4.4100 4.4100 4.4100 4.4100 4.4200 4.4300 4.4300 4.4300 4.4300 4.4200 4.4200 4.4200 4.4100 4.4000 4.3900 4.3800 4.3800 4.3700 4.3700 4.3800 4.3900 4.4000 4.4100 4.4200 4.4300 4.4300 4.4400 4.4500 4.4500 4.4500 4.4600 4.4600 4.4700 4.4700 4.4800 4.4800 4.4900 4.4900 4.4900 4.5000 4.5100 4.5200 4.5300 4.5500 4.5600 4.5800 4.5900 4.5900 4.5900 4.5800
4.3600 4.3500 4.3500 4.3600 4.3600 4.3600 4.3700 4.3800 4.3900 4.4000 4.4000 4.4000 4.4100 4.4100 4.4000 4.4000 4.3900 4.3900 4.3900 4.4000 4.4100 4.4100 4.4200 4.4200 4.4200 4.4200 4.4200 4.4200 4.4200 4.4200 4.4100 4.4100 4.4000 4.4100 4.4100 4.4200 4.4300 4.4300 4.4300 4.4300 4.4300 4.4300 4.4200 4.4100 4.4000 4.3900 4.3900 4.3800 4.3700 4.3700 4.3800 4.3900 4.4000 4.4100 4.4200 4.4300 4.4400 4.4400 4.4600 4.4600 4.4700 4.4700 4.4800 4.4900 4.4900 4.5000 4.5000 4.5000 4.5100 4.5100 4.5200 4.5300 4.5400 4.5500 4.5700 4.5900 4.6100 4.6200 4.6200 4.6200 4.6200
4.3600 4.3600 4.3500 4.3600 4.3600 4.3600 4.3700 4.3800 4.3900 4.4000 4.4000 4.4000 4.4100 4.4100 4.4000 4.4000 4.3900 4.3900 4.3900 4.4000 4.4100 4.4100 4.4200 4.4200 4.4200 4.4200 4.4200 4.4200 4.4200 4.4200 4.4100 4.4100 4.4000 4.4100 4.4200 4.4200 4.4300 4.4300 4.4300 4.4300 4.4300 4.4300 4.4300 4.4200 4.4200 4.4100 4.4000 4.3900 4.3800 4.3800 4.3800 4.3900 4.4000 4.4100 4.4300 4.4300 4.4400 4.4400 4.4500 4.4700 4.4800 4.4800 4.4900 4.5000 4.5100 4.5100 4.5100 4.5100 4.5200 4.5200 4.5300 4.5400 4.5500 4.5600 4.5800 4.6100 4.6200 4.6400 4.6400 4.6400 4.6400
4.3600 4.3500 4.3500 4.3600 4.3600 4.3600 4.3700 4.3800 4.4000 4.4000 4.4000 4.4100 4.4100 4.4100 4.4000 4.4000 4.3900 4.3900 4.4000 4.4100 4.4100 4.4200 4.4200 4.4200 4.4300 4.4300 4.4300 4.4300 4.4300 4.4200 4.4200 4.4200 4.4100 4.4100 4.4200 4.4300 4.4300 4.4300 4.4300 4.4400 4.4300 4.4300 4.4300 4.4300 4.4200 4.4200 4.4100 4.4000 4.3900 4.3800 4.3900 4.4000 4.4000 4.4100 4.4200 4.4300 4.4400 4.4400 4.4500 4.4700 4.4800 4.4800 4.4900 4.5000 4.5100 4.5100 4.5200 4.5200 4.5200 4.5300 4.5300 4.5400 4.5500 4.5600 4.5900 4.6100 4.6300 4.6400 4.6400 4.6400 4.6400
4.3600 4.3500 4.3500 4.3600 4.3600 4.3700 4.3800 4.3900 4.4000 4.4000 4.4100 4.4100 4.4100 4.4100 4.4000 4.4000 4.3900 4.4000 4.4000 4.4100 4.4200 4.4200 4.4200 4.4300 4.4300 4.4400 4.4400 4.4400 4.4400 4.4300 4.4200 4.4200 4.4100 4.4200 4.4300 4.4300 4.4300 4.4300 4.4300 4.4300 4.4300 4.4300 4.4300 4.4300 4.4300 4.4300 4.4200 4.4100 4.4000 4.4000 4.4000 4.4000 4.4000 4.4100 4.4200 4.4300 4.4300 4.4400 4.4500 4.4600 4.4700 4.4900 4.4900 4.5100 4.5100 4.5200 4.5200 4.5200 4.5200 4.5300 4.5400 4.5500 4.5500 4.5700 4.5900 4.6100 4.6300 4.6400 4.6400 4.6500 4.6500
4.3600 4.3500 4.3500 4.3600 4.3600 4.3700 4.3900 4.4000 4.4000 4.4100 4.4100 4.4100 4.4100 4.4100 4.4100 4.4100 4.4000 4.4000 4.4100 4.4100 4.4200 4.4200 4.4300 4.4300 4.4400 4.4400 4.4400 4.4400 4.4400 4.4400 4.4300 4.4300 4.4200 4.4200 4.4300 4.4300 4.4300 4.4300 4.4300 4.4300 4.4300 4.4300 4.4300 4.4300 4.4400 4.4300 4.4200 4.4200 4.4100 4.4100 4.4100 4.4100 4.4100 4.4100 4.4100 4.4200 4.4300 4.4400 4.4500 4.4600 4.4700 4.4900 4.5000 4.5100 4.5100 4.5200 4.5200 4.5300 4.5300 4.5300 4.5400 4.5500 4.5600 4.5700 4.5900 4.6100 4.6300 4.6400 4.6500 4.6600 4.6600
4.3500 4.3500 4.3600 4.3600 4.3700 4.3800 4.3900 4.4000 4.4000 4.4100 4.4100 4.4100 4.4100 4.4100 4.4100 4.4100 4.4000 4.4100 4.4200 4.4200 4.4200 4.4300 4.4300 4.4300 4.4400 4.4500 4.4500 4.4500 4.4500 4.4500 4.4400 4.4300 4.4200 4.4300 4.4300 4.4300 4.4300 4.4300 4.4400 4.4400 4.4300 4.4300 4.4400 4.4400 4.4500 4.4500 4.4400 4.4400 4.4300 4.4200 4.4200 4.4200 4.4200 4.4200 4.4300 4.4300 4.4400 4.4500 4.4600 4.4700 4.4900 4.5000 4.5100 4.5300 4.5300 4.5400 4.5400 4.5500 4.5500 4.5500 4.5600 4.5700 4.5700 4.5800 4.6000 4.6100 4.6300 4.6500 4.6500 4.6600 4.6600
4.3500 4.3500 4.3600 4.3700 4.3800 4.3900 4.3900 4.4000 4.4100 4.4100 4.4100 4.4100 4.4100 4.4100 4.4100 4.4100 4.4100 4.4100 4.4200 4.4300 4.4300 4.4400 4.4400 4.4500 4.4500 4.4500 4.4500 4.4500 4.4500 4.4500 4.4500 4.4400 4.4300 4.4300 4.4300 4.4400 4.4400 4.4500 4.4500 4.4500 4.4500 4.4400 4.4500 4.4500 4.4600 4.4700 4.4600 4.4600 4.4500 4.4500 4.4500 4.4500 4.4500 4.4500 4.4500 4.4600 4.4700 4.4700 4.4800 4.5000 4.5100 4.5200 4.5400 4.5500 4.5600 4.5700 4.5800 4.5800 4.5800 4.5900 4.5900 4.5900 4.5900 4.6100 4.6100 4.6200 4.6400 4.6500 4.6600 4.6600 4.6600
4.3500 4.3500 4.3600 4.3700 4.3800 4.3900 4.4000 4.4000 4.4100 4.4100 4.4200 4.4200 4.4100 4.4100 4.4200 4.4100 4.4100 4.4200 4.4300 4.4300 4.4400 4.4500 4.4500 4.4600 4.4600 4.4600 4.4600 4.4500 4.4600 4.4600 4.4500 4.4500 4.4400 4.4400 4.4400 4.4500 4.4500 4.4600 4.4600 4.4600 4.4600 4.4500 4.4600 4.4700 4.4700 4.4800 4.4800 4.4800 4.4800 4.4800 4.4800 4.4800 4.4700 4.4800 4.4800 4.4900 4.4900 4.5000 4.5100 4.5200 4.5300 4.5400 4.5600 4.5800 4.5900 4.6000 4.6000 4.6100 4.6100 4.6100 4.6100 4.6200 4.6200 4.6300 4.6300 4.6400 4.6500 4.6600 4.6600 4.6600 4.6600
4.3500 4.3500 4.3600 4.3800 4.3900 4.3900 4.4000 4.4100 4.4100 4.4100 4.4200 4.4200 4.4200 4.4200 4.4200 4.4100 4.4100 4.4200 4.4300 4.4400 4.4400 4.4500 4.4600 4.4600 4.4700 4.4700 4.4700 4.4600 4.4600 4.4600 4.4600 4.4600 4.4500 4.4500 4.4500 4.4600 4.4700 4.4700 4.4700 4.4700 4.4700 4.4600 4.4700 4.4800 4.4800 4.4900 4.4900 4.5000 4.5000 4.5000 4.5000 4.5000 4.5000 4.5100 4.5100 4.5200 4.5200 4.5200 4.5300 4.5400 4.5500 4.5600 4.5800 4.6000 4.6200 4.6200 4.6200 4.6300 4.6300 4.6300 4.6300 4.6300 4.6300 4.6400 4.6400 4.6500 4.6600 4.6600 4.6600 4.6700 4.6600
4.3500 4.3500 4.3600 4.3800 4.3900 4.4000 4.4000 4.4100 4.4100 4.4100 4.4200 4.4300 4.4300 4.4300 4.4200 4.4200 4.4200 4.4300 4.4400 4.4400 4.4500 4.4600 4.4700 4.4700 4.4700 4.4700 4.4700 4.4700 4.4700 4.4700 4.4700 4.4700 4.4600 4.4600 4.4600 4.4700 4.4700 4.4800 4.4900 4.4800 4.4800 4.4800 4.4900 4.4900 4.5000 4.5000 4.5100 4.5200 4.5200 4.5300 4.5300 4.5300 4.5300 4.5300 4.5400 4.5400 4.5500 4.5500 4.5600 4.5700 4.5800 4.5900 4.6100 4.6200 4.6400 4.6400 4.6400 4.6400 4.6400 4.6400 4.6300 4.6300 4.6300 4.6400 4.6400 4.6500 4.6500 4.6600 4.6600 4.6600 4.6600
4.3600 4.3600 4.3700 4.3800 4.3900 4.4000 4.4100 4.4100 4.4100 4.4200 4.4200 4.4200 4.4300 4.4300 4.4300 4.4300 4.4200 4.4300 4.4400 4.4500 4.4500 4.4700 4.4700 4.4700 4.4700 4.4800 4.4700 4.4700 4.4700 4.4700 4.4700 4.4700 4.4700 4.4700 4.4700 4.4800 4.4900 4.4900 4.5000 4.5000 4.5000 4.5000 4.5000 4.5100 4.5200 4.5300 4.5400 4.5400 4.5500 4.5500 4.5600 4.5600 4.5700 4.5700 4.5700 4.5700 4.5800 4.5900 4.5900 4.5900 4.6100 4.6200 4.6200 4.6400 4.6400 4.6400 4.6400 4.6400 4.6300 nan nan nan nan 4.6300 4.6300 4.6400 4.6400 4.6400 4.6400 4.6300 4.6300
4.3600 4.3600 4.3700 4.3800 4.3900 4.4000 4.4100 4.4100 4.4100 4.4200 4.4300 4.4300 4.4300 4.4300 4.4300 4.4300 4.4300 4.4300 4.4400 4.4500 4.4600 4.4700 4.4700 4.4700 4.4800 4.4800 4.4800 4.4800 4.4700 4.4800 4.4800 4.4800 4.4800 4.4800 4.4800 4.4900 4.5100 4.5100 4.5100 4.5200 4.5100 4.5100 4.5200 4.5300 4.5400 4.5500 4.5500 4.5600 4.5700 4.5700 4.5800 4.5800 4.5900 4.6000 4.6000 4.6100 4.6100 4.6200 4.6200 4.6200 4.6300 4.6300 4.6400 4.6400 4.6500 4.6500 4.6400 nan nan nan nan nan nan nan nan 4.6200 4.6200 4.6200 4.6200 4.6100 4.6100
4.3600 4.3600 4.3700 4.3900 4.4000 4.4000 4.4100 4.4100 4.4100 4.4200 4.4200 4.4300 4.4300 4.4300 4.4400 4.4300 4.4300 4.4300 4.4400 4.4500 4.4700 4.4700 4.4700 4.4700 4.4800 4.4800 4.4800 4.4800 4.4800 4.4800 4.4900 4.4900 4.4900 4.4900 4.5000 4.5100 4.5200 4.5200 4.5300 4.5400 4.5400 4.5400 4.5400 4.5500 4.5600 4.5700 4.5700 4.5800 4.5900 4.6000 4.6000 4.6100 4.6100 4.6300 4.6400 4.6500 4.6500 4.6600 4.6600 4.6500 4.6500 4.6500 4.6600 4.6600 nan nan nan nan nan nan nan nan nan nan nan 4.6100 4.6100 4.6000 4.5900 4.5900 4.5800
4.3600 4.3600 4.3700 4.3900 4.4000 4.4100 4.4100 4.4100 4.4100 4.4200 4.4200 4.4300 4.4300 4.4300 4.4400 4.4300 4.4300 4.4400 4.4500 4.4600 4.4700 4.4800 4.4800 4.4800 4.4800 4.4800 4.4800 4.4800 4.4800 4.4900 4.4900 4.5000 4.5000 4.5000 4.5100 4.5200 4.5300 4.5300 4.5400 4.5400 4.5500 4.5500 4.5500 4.5600 4.5700 4.5800 4.5900 4.5900 4.6100 4.6200 4.6200 4.6200 4.6300 4.6400 4.6500 4.6500 4.6600 4.6700 4.6700 4.6600 4.6600 4.6500 nan nan nan nan nan nan nan nan nan nan nan nan nan 4.5900 4.5800 4.5700 4.5600 4.5600 4.5500
4.3600 4.3600 4.3700 4.3900 4.4000 4.4000 4.4100 4.4100 4.4100 4.4200 4.4200 4.4200 4.4300 4.4300 4.4300 4.4300 4.4300 4.4400 4.4500 4.4600 4.4700 4.4800 4.4800 4.4800 4.4800 4.4800 4.4800 4.4800 4.4800 4.4900 4.5000 4.5000 4.5100 4.5100 4.5100 4.5200 4.5300 4.5400 4.5400 4.5500 4.5500 4.5700 4.5700 4.5700 4.5700 4.5800 4.5900 4.6000 4.6200 4.6200 4.6300 4.6300 4.6300 4.6400 4.6400 4.6400 4.6500 4.6600 4.6500 4.6400 nan nan nan nan nan nan nan nan nan nan nan nan nan nan nan nan 4.5400 4.5300 4.5200 4.5200 nan
4.3600 4.3600 4.3700 4.3900 4.3900 4.4000 4.4100 4.4100 4.4200 4.4200 4.4200 4.4200 4.4200 4.4200 4.4300 4.4300 4.4300 4.4400 4.4500 4.4600 4.4700 4.4700 4.4800 4.4800 4.4800 4.4800 4.4800 4.4800 4.4800 4.4900 4.5000 4.5000 4.5100 4.5200 4.5200 4.5200 4.5300 4.5400 4.5500 4.5500 4.5600 4.5700 4.5700 4.5700 4.5800 4.5900 4.6000 4.6100 4.6200 4.6300 4.6300 4.6300 4.6300 4.6300 4.6300 4.6300 4.6300 4.6300 4.6200 nan nan nan nan nan nan nan nan nan nan nan nan nan nan nan nan nan nan nan nan nan nan
4.3600 4.3600 4.3700 4.3800 4.3900 4.4000 4.4100 4.4100 4.4200 4.4200 4.4200 4.4200 4.4200 4.4200 4.4200 4.4300 4.4300 4.4400 4.4500 4.4600 4.4700 4.4700 4.4800 4.4800 4.4800 4.4800 4.4800 4.4800 4.4800 4.4900 4.5000 4.5100 4.5100 4.5200 4.5300 4.5300 4.5300 4.5400 4.5500 4.5600 4.5700 4.5700 4.5800 4.5800 4.5900 4.5900 4.6100 4.6200 4.6300 4.6300 4.6300 4.6300 4.6300 4.6300 4.6200 4.6200 4.6200 4.6100 nan nan nan nan nan nan nan nan nan nan nan nan nan nan nan nan nan nan nan nan nan nan nan
4.3600 4.3600 4.3700 4.3800 4.3900 4.4000 4.4100 4.4100 4.4200 4.4200 4.4200 4.4200 4.4100 4.4100 4.4200 4.4300 4.4300 4.4400 4.4500 4.4600 4.4700 4.4700 4.4700 4.4700 4.4700 4.4700 4.4700 4.4800 4.4800 4.4800 4.4900 4.5000 4.5100 4.5200 4.5300 4.5300 4.5300 4.5400 4.5500 4.5600 4.5700 4.5700 4.5800 4.5800 4.5900 4.5900 4.6100 4.6200 4.6300 4.6300 4.6400 4.6300 4.6300 4.6200 4.6100 4.6000 4.5900 nan nan nan nan nan nan nan nan nan nan nan nan nan nan nan nan nan nan nan nan nan nan nan nan
4.3500 4.3600 4.3700 4.3800 4.3900 4.4000 4.4000 4.4100 4.4100 4.4100 4.4100 4.4100 4.4100 4.4100 4.4100 4.4200 4.4300 4.4400 4.4500 4.4500 4.4600 4.4600 4.4700 4.4700 4.4700 4.4700 4.4700 4.4700 4.4700 4.4800 4.4900 4.5000 4.5100 4.5200 4.5200 4.5300 4.5300 4.5400 4.5500 4.5600 4.5600 4.5700 4.5700 4.5800 4.5800 4.5900 4.5900 4.6100 4.6100 4.6200 4.6200 4.6200 4.6200 4.6100 4.5900 4.5800 nan nan nan nan nan nan nan nan nan nan nan nan nan nan nan nan nan nan nan nan nan nan nan nan nan
4.3500 4.3500 4.3600 4.3700 4.3800 4.3900 4.4000 4.4000 4.4100 4.4100 4.4100 4.4100 4.4100 4.4100 4.4100 4.4200 4.4300 4.4300 4.4400 4.4500 4.4500 4.4500 4.4600 4.4600 4.4600 4.4600 4.4600 4.4700 4.4700 4.4800 4.4900 4.5000 4.5100 4.5200 4.5200 4.5300 4.5300 4.5400 4.5500 4.5500 4.5600 4.5600 4.5700 4.5700 4.5700 4.5700 4.5800 4.5900 4.6000 4.6100 4.6100 4.6100 4.6000 4.5900 4.5700 4.5500 nan nan nan nan nan nan nan nan nan nan nan nan nan nan nan nan nan nan nan nan nan nan nan nan nan
4.3400 4.3500 4.3600 4.3600 4.3700 4.3800 4.3900 4.4000 4.4100 4.4100 4.4100 4.4100 4.4000 4.4000 4.4100 4.4200 4.4200 4.4300 4.4300 4.4400 4.4400 4.4500 4.4500 4.4500 4.4500 4.4500 4.4600 4.4600 4.4700 4.4800 4.4900 4.4900 4.5100 4.5100 4.5200 4.5200 4.5300 4.5300 4.5400 4.5400 4.5500 4.5600 4.5600 4.5600 4.5600 4.5600 4.5700 4.5800 4.5900 4.6000 4.5900 4.5900 4.5900 4.5700 4.5500 4.5300 nan nan nan nan nan nan nan nan nan nan nan nan nan nan nan nan nan nan nan nan nan nan nan nan nan
4.3400 4.3400 4.3500 4.3600 4.3700 4.3800 4.3800 4.3900 4.4000 4.4000 4.4000 4.4000 4.4000 4.4000 4.4000 4.4100 4.4200 4.4300 4.4300 4.4300 4.4400 4.4400 4.4400 4.4500 4.4500 4.4500 4.4600 4.4600 4.4700 4.4700 4.4800 4.4900 4.5000 4.5100 4.5100 4.5200 4.5200 4.5300 4.5300 4.5400 4.5500 4.5500 4.5500 4.5500 4.5500 4.5600 4.5700 4.5700 4.5800 4.5800 4.5800 4.5700 4.5700 4.5600 4.5300 4.5100 nan nan nan nan nan nan nan nan nan nan nan nan nan nan nan nan nan nan nan nan nan nan nan nan nan
4.3300 4.3300 4.3400 4.3500 4.3600 4.3700 4.3700 4.3800 4.3900 4.3900 4.3900 4.3900 4.3900 4.3900 4.4000 4.4100 4.4100 4.4200 4.4200 4.4300 4.4300 4.4400 4.4400 4.4500 4.4500 4.4500 4.4600 4.4600 4.4700 4.4700 4.4800 4.4900 4.4900 4.5000 4.5000 4.5100 4.5100 4.5100 4.5200 4.5300 4.5300 4.5400 4.5400 4.5400 4.5400 4.5500 4.5500 4.5600 4.5700 4.5700 4.5600 4.5600 4.5600 4.5500 4.5200 4.5000 nan nan nan nan nan nan nan nan nan nan nan nan nan nan nan nan nan nan nan nan nan nan nan nan nan
4.3300 4.3300 4.3300 4.3400 4.3500 4.3600 4.3600 4.3700 4.3800 4.3800 4.3800 4.3800 4.3800 4.3900 4.3900 4.4000 4.4100 4.4100 4.4200 4.4300 4.4400 4.4400 4.4400 4.4500 4.4500 4.4500 4.4600 4.4600 4.4600 4.4700 4.4700 4.4800 4.4900 4.4900 4.4900 4.4900 4.5000 4.5000 4.5100 4.5100 4.5200 4.5300 4.5300 4.5300 4.5300 4.5400 4.5400 4.5500 4.5600 4.5600 4.5500 4.5500 4.5500 4.5400 4.5200 4.4900 nan nan nan nan nan nan nan nan nan nan nan nan nan nan nan nan nan nan nan nan nan nan nan nan nan
4.3200 4.3200 4.3300 4.3300 4.3400 4.3500 4.3600 4.3600 4.3700 4.3700 4.3800 4.3800 4.3800 4.3800 4.3900 4.4000 4.4000 4.4100 4.4200 4.4300 4.4300 4.4300 4.4400 4.4500 4.4500 4.4500 4.4600 4.4600 4.4600 4.4600 4.4700 4.4700 4.4800 4.4800 4.4800 4.4800 4.4900 4.4800 4.4900 4.5000 4.5100 4.5100 4.5200 4.5200 4.5200 4.5300 4.5300 4.5400 4.5500 4.5500 4.5400 4.5400 4.5400 4.5300 4.5100 4.4900 nan nan nan nan nan nan nan nan nan nan nan nan nan nan nan nan nan nan nan nan nan nan nan nan nan
4.3100 4.3200 4.3200 4.3300 4.3300 4.3400 4.3500 4.3500 4.3600 4.3700 4.3700 4.3700 4.3700 4.3700 4.3800 4.3900 4.4000 4.4100 4.4100 4.4200 4.4300 4.4300 4.4400 4.4400 4.4500 4.4500 4.4500 4.4500 4.4500 4.4600 4.4600 4.4700 4.4700 4.4700 4.4700 4.4700 4.4700 4.4700 4.4800 4.4900 4.5000 4.5100 4.5100 4.5100 4.5100 4.5100 4.5200 4.5300 4.5300 4.5300 4.5300 4.5300 4.5300 4.5200 4.5000 nan nan nan nan nan nan nan nan nan nan nan nan nan nan nan nan nan nan nan nan nan nan nan nan nan nan
4.3100 4.3100 4.3100 4.3200 4.3300 4.3400 4.3400 4.3500 4.3600 4.3600 4.3600 4.3600 4.3600 4.3600 4.3700 4.3800 4.3900 4.4000 4.4100 4.4100 4.4200 4.4200 4.4300 4.4300 4.4400 4.4400 4.4400 4.4500 4.4500 4.4500 4.4500 4.4500 4.4500 4.4600 4.4600 4.4600 4.4600 4.4600 4.4700 4.4800 4.4900 4.4900 4.4900 4.5000 4.5000 4.5000 4.5100 4.5100 4.5200 4.5200 4.5200 4.5200 4.5200 4.5100 4.4900 nan nan nan nan nan nan nan nan nan nan nan nan nan nan nan nan nan nan nan nan nan nan nan nan nan nan
4.3000 4.3000 4.3100 4.3200 4.3200 4.3300 4.3400 4.3400 4.3500 4.3600 4.3600 4.3500 4.3500 4.3500 4.3600 4.3800 4.3900 4.4000 4.4000 4.4100 4.4100 4.4200 4.4200 4.4200 4.4300 4.4300 4.4300 4.4400 4.4400 4.4400 4.4400 4.4400 4.4400 4.4500 4.4500 4.4500 4.4500 4.4500 4.4600 4.4700 4.4700 4.4800 4.4800 4.4900 4.4900 4.4900 4.4900 4.5000 4.5000 4.5100 4.5100 4.5100 4.5100 4.5000 4.4900 nan nan nan nan nan nan nan nan nan nan nan nan nan nan nan nan nan nan nan nan nan nan nan nan nan nan
4.2900 4.2900 4.3000 4.3100 4.3200 4.3300 4.3300 4.3400 4.3500 4.3500 4.3500 4.3500 4.3400 4.3400 4.3600 4.3700 4.3800 4.3900 4.3900 4.4000 4.4000 4.4100 4.4100 4.4200 4.4200 4.4200 4.4200 4.4300 4.4300 4.4300 4.4300 4.4300 4.4300 4.4300 4.4300 4.4400 4.4400 4.4400 4.4500 4.4600 4.4600 4.4600 4.4700 4.4700 4.4700 4.4800 4.4800 4.4800 4.4900 4.4900 4.5000 4.5000 4.5000 4.4900 4.4900 nan nan nan nan nan nan nan nan nan nan nan nan nan nan nan nan nan nan nan nan nan nan nan nan nan nan
4.2900 4.2900 4.3000 4.3100 4.3200 4.3200 4.3300 4.3300 4.3400 4.3400 4.3400 4.3400 4.3300 4.3400 4.3500 4.3600 4.3700 4.3800 4.3900 4.3900 4.4000 4.4000 4.4000 4.4100 4.4100 4.4100 4.4100 4.4200 4.4200 4.4200 4.4200 4.4200 4.4200 4.4200 4.4200 4.4200 4.4300 4.4300 4.4400 4.4400 4.4500 4.4500 4.4500 4.4600 4.4600 4.4600 4.4600 4.4700 4.4700 4.4700 4.4800 4.4800 4.4800 4.4800 4.4800 nan nan nan nan nan nan nan nan nan nan nan nan nan nan nan nan nan nan nan nan nan nan nan nan nan nan
4.3100 4.3000 4.3100 4.3200 4.3200 4.3200 4.3200 4.3300 4.3300 4.3300 4.3300 4.3200 4.3200 4.3300 4.3400 4.3500 4.3600 4.3700 4.3800 4.3900 4.3900 4.3900 4.3900 4.4000 4.4000 4.4000 4.4000 4.4000 4.4100 4.4100 4.4100 4.4100 4.4100 4.4100 4.4100 4.4100 4.4100 4.4200 4.4300 4.4300 4.4300 4.4400 4.4400 4.4400 4.4400 4.4400 4.4400 4.4400 4.4400 4.4500 4.4500 4.4600 4.4600 4.4600 4.4500 4.4500 nan nan nan nan nan nan nan nan nan nan nan nan nan nan nan nan nan nan nan nan nan nan nan nan nan
4.3200 4.3200 4.3200 4.3200 4.3200 4.3200 4.3200 4.3200 4.3200 4.3200 4.3200 4.3200 4.3100 4.3200 4.3300 4.3400 4.3600 4.3700 4.3800 4.3800 4.3900 4.3900 4.3800 4.3800 4.3800 4.3800 4.3900 4.3900 4.3900 4.4000 4.4000 4.4000 4.4000 4.4000 4.4000 4.4000 4.4100 4.4100 4.4100 4.4200 4.4200 4.4300 4.4300 4.4300 4.4300 4.4200 4.4200 4.4200 4.4200 4.4200 4.4300 4.4300 4.4300 4.4400 4.4300 4.4300 nan nan nan nan nan nan nan nan nan nan nan nan nan nan nan nan nan nan nan nan nan nan nan nan nan
