problem/maps/Anzoategui.asc
NCOLS 368
NROWS 312
XLLCORNER -65.7333333663
YLLCORNER 7.6583333028
CELLSIZE 0.008333
NODATA_VALUE nan
[rows 180 to 215 of 312, columns 243 to 323 of 368]
4.2800 4.2700 4.2700 4.2600 4.2600 4.2600 4.2600 4.2600 4.2500 4.2400 4.2400 4.2400 4.2300 4.2200 4.2100 4.2100 4.2000 4.2000 4.2000 4.1900 4.1800 4.1800 4.1700 4.1700 4.1700 4.1700 4.1800 4.1800 4.1700 4.1700 4.1700 4.1700 4.1700 4.1700 4.1800 4.1800 4.1700 4.1700 4.1700 4.1700 4.1700 4.1600 4.1600 4.1600 4.1500 4.1400 4.1400 4.1300 4.1300 4.1200 4.1200 4.1200 4.1200 4.1200 4.1300 4.1300 4.1200 4.1200 4.1200 4.1200 4.1300 4.1400 4.1400 4.1500 4.1500 4.1500 4.1600 4.1700 4.1800 4.1900 4.2000 4.2100 4.2200 4.2200 4.2200 4.2200 4.2200 4.2200 4.2200 4.2100 4.2100
4.2700 4.2700 4.2700 4.2600 4.2600 4.2600 4.2500 4.2500 4.2400 4.2400 4.2400 4.2300 4.2200 4.2100 4.2000 4.2000 4.2000 4.1900 4.1900 4.1900 4.1800 4.1800 4.1700 4.1700 4.1700 4.1700 4.1800 4.1700 4.1700 4.1700 4.1700 4.1700 4.1700 4.1800 4.1800 4.1800 4.1800 4.1800 4.1800 4.1700 4.1700 4.1700 4.1700 4.1600 4.1500 4.1500 4.1400 4.1400 4.1400 4.1300 4.1200 4.1200 4.1200 4.1200 4.1200 4.1300 4.1200 4.1200 4.1200 4.1200 4.1300 4.1400 4.1400 4.1500 4.1600 4.1600 4.1600 4.1700 4.1800 4.1900 4.2000 4.2100 4.2100 4.2100 4.2200 4.2200 4.2100 4.2100 4.2100 4.2000 4.2000
4.2800 4.2700 4.2700 4.2600 4.2600 4.2600 4.2500 4.2500 4.2400 4.2400 4.2300 4.2200 4.2200 4.2100 4.2000 4.2000 4.1900 4.1900 4.1900 4.1800 4.1800 4.1800 4.1700 4.1700 4.1800 4.1800 4.1800 4.1800 4.1700 4.1800 4.1700 4.1700 4.1700 4.1800 4.1800 4.1800 4.1800 4.1800 4.1800 4.1800 4.1700 4.1700 4.1700 4.1600 4.1600 4.1500 4.1400 4.1400 4.1400 4.1300 4.1300 4.1200 4.1200 4.1200 4.1300 4.1300 4.1200 4.1200 4.1200 4.1300 4.1400 4.1400 4.1500 4.1500 4.1600 4.1600 4.1700 4.1700 4.1800 4.1900 4.2000 4.2000 4.2000 4.2000 4.2000 4.2000 4.2000 4.2000 4.2000 4.1900 4.1900
4.2800 4.2700 4.2700 4.2600 4.2600 4.2600 4.2500 4.2500 4.2400 4.2400 4.2300 4.2200 4.2100 4.2000 4.2000 4.1900 4.1900 4.1900 4.1900 4.1900 4.1800 4.1800 4.1800 4.1800 4.1800 4.1800 4.1800 4.1800 4.1800 4.1800 4.1700 4.1700 4.1700 4.1800 4.1800 4.1800 4.1800 4.1800 4.1800 4.1800 4.1800 4.1700 4.1700 4.1600 4.1600 4.1500 4.1400 4.1400 4.1400 4.1300 4.1300 4.1300 4.1300 4.1300 4.1300 4.1300 4.1200 4.1200 4.1300 4.1300 4.1400 4.1400 4.1500 4.1500 4.1600 4.1700 4.1700 4.1800 4.1800 4.1900 4.2000 4.2000 4.2000 4.2000 4.2000 4.1900 4.1900 4.1900 4.1900 4.1800 nan
4.2800 4.2700 4.2700 4.2600 4.2600 4.2500 4.2500 4.2400 4.2400 4.2300 4.2200 4.2200 4.2100 4.2000 4.1900 4.1800 4.1900 4.1900 4.1900 4.1900 4.1800 4.1800 4.1800 4.1800 4.1800 4.1800 4.1800 4.1800 4.1800 4.1800 4.1700 4.1700 4.1700 4.1800 4.1800 4.1800 4.1800 4.1800 4.1800 4.1800 4.1800 4.1700 4.1700 4.1700 4.1600 4.1500 4.1400 4.1400 4.1400 4.1300 4.1300 4.1300 4.1300 4.1300 4.1300 4.1300 4.1300 4.1300 4.1300 4.1300 4.1400 4.1400 4.1500 4.1600 4.1600 4.1700 4.1800 4.1800 4.1900 4.1900 4.1900 4.1900 4.1900 4.1800 4.1800 4.1800 4.1800 4.1800 4.1800 4.1800 nan
4.2600 4.2600 4.2600 4.2500 4.2500 4.2400 4.2400 4.2400 4.2300 4.2200 4.2100 4.2100 4.2000 4.1900 4.1900 4.1900 4.1900 4.1900 4.1900 4.1900 4.1900 4.1900 4.1900 4.1800 4.1800 4.1800 4.1800 4.1800 4.1800 4.1800 4.1700 4.1800 4.1800 4.1800 4.1800 4.1900 4.1800 4.1800 4.1800 4.1800 4.1800 4.1800 4.1800 4.1700 4.1600 4.1600 4.1500 4.1500 4.1400 4.1400 4.1400 4.1300 4.1300 4.1300 4.1300 4.1300 4.1300 4.1300 4.1300 4.1400 4.1400 4.1400 4.1500 4.1600 4.1600 4.1700 4.1800 4.1900 4.1900 4.1900 4.1900 4.1900 4.1800 4.1800 4.1800 4.1800 4.1800 4.1700 4.1700 nan nan
4.2400 4.2400 4.2400 4.2300 4.2300 4.2300 4.2200 4.2200 4.2100 4.2100 4.2000 4.2000 4.1900 4.1900 4.1900 4.1900 4.1900 4.1900 4.1900 4.1900 4.1900 4.1900 4.1900 4.1900 4.1900 4.1800 4.1900 4.1900 4.1900 4.1800 4.1800 4.1800 4.1800 4.1800 4.1900 4.1900 4.1900 4.1800 4.1800 4.1800 4.1800 4.1800 4.1800 4.1800 4.1800 4.1700 4.1700 4.1600 4.1600 4.1500 4.1500 4.1400 4.1400 4.1300 4.1300 4.1300 4.1300 4.1400 4.1300 4.1400 4.1400 4.1400 4.1500 4.1500 4.1600 4.1700 4.1800 4.1900 4.1900 4.1900 4.1900 4.1900 4.1800 4.1800 4.1800 4.1800 4.1800 4.1700 4.1700 nan nan
4.2300 4.2200 4.2200 4.2200 4.2200 4.2200 4.2100 4.2100 4.2000 4.2000 4.1900 4.1900 4.1900 4.1900 4.1800 4.1900 4.1900 4.1900 4.1900 4.1900 4.1900 4.1900 4.1900 4.1900 4.1900 4.1900 4.1900 4.1900 4.1900 4.1900 4.1900 4.1900 4.1900 4.1900 4.1900 4.1900 4.1900 4.1900 4.1900 4.1900 4.1900 4.1900 4.1800 4.1800 4.1900 4.1800 4.1800 4.1800 4.1700 4.1600 4.1500 4.1500 4.1400 4.1400 4.1300 4.1300 4.1400 4.1400 4.1300 4.1300 4.1400 4.1400 4.1400 4.1500 4.1600 4.1700 4.1800 4.1900 4.1900 4.1900 4.1900 4.1900 4.1900 4.1800 4.1800 4.1800 4.1800 4.1700 4.1700 nan nan
4.2100 4.2100 4.2100 4.2100 4.2100 4.2100 4.2000 4.2000 4.2000 4.1900 4.1900 4.1900 4.1800 4.1800 4.1800 4.1800 4.1800 4.1900 4.1900 4.1900 4.2000 4.2000 4.2000 4.2000 4.2000 4.2000 4.2000 4.2000 4.2000 4.1900 4.2000 4.1900 4.1900 4.1900 4.1900 4.1900 4.1900 4.1900 4.1900 4.1900 4.1900 4.1900 4.1900 4.2000 4.2000 4.2000 4.2000 4.2000 4.1800 4.1700 4.1600 4.1500 4.1400 4.1400 4.1400 4.1400 4.1400 4.1400 4.1300 4.1300 4.1400 4.1400 4.1400 4.1500 4.1600 4.1700 4.1800 4.1900 4.1900 4.1900 4.1900 4.1900 4.1900 4.1800 4.1800 4.1800 4.1700 4.1700 4.1700 nan nan
4.2000 4.2000 4.2000 4.2000 4.2000 4.2000 4.2000 4.1900 4.1900 4.1900 4.1900 4.1800 4.1800 4.1800 4.1800 4.1800 4.1800 4.1900 4.1900 4.1900 4.2000 4.2000 4.2000 4.2000 4.2000 4.2000 4.2000 4.2000 4.2000 4.2000 4.2000 4.2000 4.2000 4.2000 4.2000 4.2000 4.2000 4.2000 4.1900 4.2000 4.2000 4.2000 4.2000 4.2000 4.2000 4.2000 4.2000 4.2000 4.1800 4.1700 4.1600 4.1500 4.1500 4.1400 4.1500 4.1400 4.1400 4.1400 4.1400 4.1400 4.1400 4.1400 4.1500 4.1500 4.1600 4.1700 4.1800 4.1800 4.1800 4.1800 4.1800 4.1800 4.1800 4.1800 4.1800 4.1800 4.1700 4.1700 4.1700 nan nan
4.2000 4.2000 4.2000 4.2000 4.2000 4.2000 4.2000 4.2000 4.2000 4.1900 4.1900 4.1900 4.1800 4.1800 4.1800 4.1800 4.1800 4.1800 4.1900 4.1900 4.1900 4.2000 4.2000 4.2000 4.2000 4.2000 4.2000 4.2000 4.2000 4.2000 4.2000 4.2000 4.2000 4.2100 4.2100 4.2100 4.2100 4.2000 4.2000 4.2000 4.2000 4.2000 4.2000 4.2000 4.2000 4.1900 4.1900 4.1800 4.1700 4.1600 4.1500 4.1500 4.1500 4.1500 4.1500 4.1500 4.1500 4.1500 4.1500 4.1500 4.1500 4.1500 4.1500 4.1600 4.1600 4.1700 4.1700 4.1800 4.1800 4.1700 4.1700 4.1700 4.1700 4.1700 4.1700 4.1700 4.1700 4.1700 4.1700 nan nan
4.2000 4.2000 4.2000 4.2000 4.2000 4.2000 4.2100 4.2000 4.2000 4.2000 4.1900 4.1900 4.1900 4.1800 4.1800 4.1800 4.1800 4.1800 4.1800 4.1900 4.1900 4.2000 4.2000 4.2100 4.2100 4.2100 4.2100 4.2100 4.2100 4.2100 4.2100 4.2100 4.2100 4.2100 4.2100 4.2100 4.2100 4.2200 4.2200 4.2200 4.2100 4.2100 4.2100 4.2000 4.1900 4.1800 4.1700 4.1600 4.1600 4.1500 4.1500 4.1500 4.1600 4.1600 4.1600 4.1600 4.1600 4.1600 4.1600 4.1600 4.1600 4.1600 4.1600 4.1600 4.1600 4.1600 4.1700 4.1700 4.1600 4.1600 4.1600 4.1600 4.1600 4.1600 4.1600 4.1600 4.1600 4.1600 4.1600 nan nan
4.1900 4.2000 4.2000 4.2000 4.2000 4.2100 4.2100 4.2100 4.2000 4.2000 4.2000 4.1900 4.1900 4.1800 4.1800 4.1800 4.1800 4.1800 4.1800 4.1800 4.1900 4.2000 4.2100 4.2100 4.2100 4.2100 4.2100 4.2100 4.2100 4.2100 4.2100 4.2100 4.2200 4.2200 4.2200 4.2200 4.2200 4.2200 4.2200 4.2200 4.2200 4.2200 4.2100 4.2000 4.1900 4.1700 4.1600 4.1500 4.1500 4.1500 4.1500 4.1500 4.1500 4.1600 4.1600 4.1600 4.1700 4.1700 4.1700 4.1700 4.1700 4.1700 4.1700 4.1700 4.1600 4.1600 4.1600 4.1600 4.1500 4.1500 4.1400 4.1500 4.1500 4.1600 4.1600 4.1600 4.1600 4.1700 4.1700 nan nan
4.1900 4.1900 4.2000 4.2000 4.2000 4.2100 4.2100 4.2100 4.2100 4.2000 4.2000 4.2000 4.1900 4.1900 4.1900 4.1800 4.1800 4.1800 4.1800 4.1900 4.1900 4.2000 4.2100 4.2200 4.2200 4.2200 4.2200 4.2200 4.2200 4.2200 4.2200 4.2200 4.2200 4.2200 4.2200 4.2200 4.2200 4.2200 4.2200 4.2200 4.2100 4.2100 4.2000 4.1900 4.1800 4.1600 4.1500 4.1400 4.1500 4.1500 4.1500 4.1500 4.1500 4.1600 4.1600 4.1600 4.1700 4.1700 4.1700 4.1700 4.1700 4.1700 4.1700 4.1700 4.1600 4.1600 4.1600 4.1500 4.1500 4.1400 4.1400 4.1400 4.1500 4.1500 4.1600 4.1600 4.1700 4.1700 4.1700 nan nan
4.1800 4.1900 4.1900 4.2000 4.2000 4.2100 4.2100 4.2100 4.2100 4.2100 4.2000 4.2000 4.2000 4.2000 4.2000 4.1900 4.1900 4.1900 4.1900 4.1900 4.2000 4.2100 4.2200 4.2200 4.2200 4.2300 4.2300 4.2300 4.2200 4.2200 4.2200 4.2200 4.2200 4.2200 4.2200 4.2200 4.2100 4.2000 4.2000 4.1900 4.1900 4.1800 4.1800 4.1700 4.1600 4.1500 4.1500 4.1400 4.1500 4.1500 4.1500 4.1500 4.1500 4.1500 4.1600 4.1600 4.1600 4.1700 4.1700 4.1700 4.1700 4.1700 4.1600 4.1600 4.1600 4.1600 4.1500 4.1500 4.1500 4.1500 4.1500 4.1500 4.1600 4.1600 4.1700 4.1700 4.1700 4.1700 4.1700 nan nan
4.1800 4.1800 4.1900 4.2000 4.2000 4.2000 4.2100 4.2100 4.2100 4.2100 4.2100 4.2100 4.2000 4.2000 4.2000 4.2000 4.2000 4.2000 4.2000 4.2000 4.2100 4.2200 4.2300 4.2300 4.2300 4.2400 4.2400 4.2400 4.2300 4.2300 4.2300 4.2200 4.2200 4.2200 4.2200 4.2100 4.2000 4.1800 4.1700 4.1600 4.1600 4.1600 4.1600 4.1500 4.1500 4.1500 4.1500 4.1500 4.1500 4.1400 4.1400 4.1400 4.1500 4.1500 4.1600 4.1600 4.1600 4.1600 4.1600 4.1700 4.1600 4.1600 4.1600 4.1600 4.1500 4.1500 4.1500 4.1500 4.1600 4.1600 4.1600 4.1600 4.1600 4.1700 4.1700 4.1700 4.1800 4.1800 4.1800 nan nan
4.1700 4.1800 4.1900 4.1900 4.2000 4.2000 4.2100 4.2100 4.2100 4.2100 4.2100 4.2100 4.2100 4.2100 4.2100 4.2100 4.2100 4.2100 4.2100 4.2100 4.2200 4.2300 4.2300 4.2400 4.2400 4.2500 4.2500 4.2500 4.2400 4.2400 4.2300 4.2300 4.2200 4.2200 4.2100 4.2000 4.1800 4.1700 4.1500 4.1400 4.1400 4.1400 4.1400 4.1400 4.1400 4.1400 4.1400 4.1400 4.1400 4.1400 4.1400 4.1400 4.1400 4.1500 4.1500 4.1500 4.1600 4.1600 4.1600 4.1600 4.1600 4.1500 4.1500 4.1500 4.1500 4.1500 4.1500 4.1600 4.1600 4.1600 4.1600 4.1700 4.1700 4.1700 4.1800 4.1800 4.1800 4.1800 4.1800 nan nan
4.1700 4.1800 4.1900 4.2000 4.2000 4.2100 4.2100 4.2100 4.2100 4.2200 4.2200 4.2200 4.2200 4.2200 4.2200 4.2200 4.2200 4.2200 4.2200 4.2200 4.2200 4.2300 4.2400 4.2400 4.2500 4.2500 4.2500 4.2500 4.2400 4.2300 4.2300 4.2200 4.2100 4.2100 4.2000 4.1900 4.1700 4.1600 4.1500 4.1400 4.1400 4.1400 4.1400 4.1400 4.1400 4.1400 4.1400 4.1400 4.1400 4.1400 4.1400 4.1400 4.1400 4.1500 4.1500 4.1500 4.1500 4.1500 4.1600 4.1600 4.1500 4.1500 4.1500 4.1500 4.1500 4.1500 4.1500 4.1600 4.1600 4.1600 4.1700 4.1700 4.1800 4.1800 4.1800 4.1800 4.1800 4.1900 4.1900 nan nan
4.1800 4.1900 4.1900 4.2000 4.2100 4.2100 4.2200 4.2200 4.2200 4.2200 4.2200 4.2300 4.2300 4.2300 4.2400 4.2400 4.2400 4.2300 4.2300 4.2300 4.2300 4.2400 4.2400 4.2400 4.2400 4.2400 4.2400 4.2400 4.2300 4.2200 4.2100 4.2000 4.1900 4.1900 4.1800 4.1700 4.1600 4.1600 4.1500 4.1400 4.1400 4.1400 4.1400 4.1400 4.1400 4.1400 4.1400 4.1400 4.1400 4.1400 4.1400 4.1400 4.1400 4.1400 4.1400 4.1400 4.1500 4.1500 4.1500 4.1500 4.1500 4.1500 4.1500 4.1500 4.1500 4.1500 4.1600 4.1600 4.1600 4.1700 4.1700 4.1700 4.1800 4.1800 4.1800 4.1800 4.1900 4.1900 4.1900 nan nan
4.1800 4.1900 4.2000 4.2100 4.2100 4.2200 4.2200 4.2200 4.2300 4.2300 4.2300 4.2400 4.2400 4.2400 4.2500 4.2500 4.2500 4.2400 4.2400 4.2400 4.2400 4.2400 4.2500 4.2500 4.2400 4.2400 4.2300 4.2300 4.2200 4.2000 4.1900 4.1800 4.1700 4.1700 4.1700 4.1600 4.1600 4.1500 4.1400 4.1400 4.1400 4.1400 4.1400 4.1400 4.1400 4.1400 4.1400 4.1400 4.1400 4.1400 4.1400 4.1400 4.1400 4.1400 4.1400 4.1400 4.1400 4.1400 4.1500 4.1500 4.1500 4.1500 4.1500 4.1500 4.1500 4.1600 4.1600 4.1600 4.1700 4.1700 4.1700 4.1700 4.1800 4.1800 4.1800 4.1900 4.1900 4.1900 4.1900 4.1900 nan
4.1900 4.2000 4.2100 4.2100 4.2200 4.2200 4.2300 4.2300 4.2400 4.2400 4.2400 4.2400 4.2500 4.2600 4.2600 4.2600 4.2600 4.2600 4.2500 4.2500 4.2500 4.2500 4.2500 4.2500 4.2400 4.2300 4.2200 4.2100 4.2000 4.1800 4.1700 4.1600 4.1500 4.1500 4.1500 4.1500 4.1500 4.1400 4.1400 4.1400 4.1400 4.1400 4.1400 4.1400 4.1400 4.1400 4.1400 4.1400 4.1400 4.1400 4.1400 4.1400 4.1400 4.1400 4.1400 4.1400 4.1400 4.1400 4.1400 4.1400 4.1400 4.1500 4.1500 4.1500 4.1500 4.1600 4.1600 4.1700 4.1700 4.1700 4.1700 4.1800 4.1800 4.1800 4.1900 4.1900 4.1900 4.1900 4.1900 4.1900 nan
4.2000 4.2100 4.2100 4.2200 4.2300 4.2300 4.2400 4.2400 4.2500 4.2500 4.2500 4.2600 4.2600 4.2600 4.2700 4.2700 4.2700 4.2600 4.2600 4.2600 4.2500 4.2500 4.2400 4.2400 4.2300 4.2200 4.2100 4.2000 4.1800 4.1700 4.1600 4.1500 4.1500 4.1500 4.1400 4.1400 4.1400 4.1400 4.1400 4.1400 4.1400 4.1400 4.1400 4.1400 4.1400 4.1400 4.1400 4.1400 4.1400 4.1400 4.1400 4.1400 4.1400 4.1400 4.1300 4.1300 4.1400 4.1400 4.1400 4.1400 4.1500 4.1500 4.1500 4.1500 4.1600 4.1600 4.1700 4.1700 4.1800 4.1800 4.1800 4.1800 4.1800 4.1900 4.1900 4.1900 4.1900 4.2000 4.2000 4.2000 4.2000
4.2100 4.2200 4.2200 4.2300 4.2400 4.2400 4.2500 4.2500 4.2600 4.2600 4.2600 4.2700 4.2700 4.2700 4.2700 4.2700 4.2700 4.2600 4.2600 4.2500 4.2400 4.2400 4.2300 4.2200 4.2200 4.2100 4.2000 4.1800 4.1700 4.1700 4.1600 4.1600 4.1500 4.1500 4.1500 4.1500 4.1500 4.1500 4.1500 4.1500 4.1500 4.1400 4.1400 4.1400 4.1400 4.1400 4.1400 4.1400 4.1300 4.1300 4.1300 4.1400 4.1300 4.1300 4.1300 4.1300 4.1400 4.1400 4.1400 4.1500 4.1500 4.1500 4.1600 4.1600 4.1600 4.1700 4.1700 4.1800 4.1800 4.1800 4.1900 4.1900 4.1900 4.2000 4.2000 4.2000 4.2000 4.2000 4.2000 4.2100 4.2100
4.2200 4.2300 4.2300 4.2400 4.2400 4.2500 4.2600 4.2600 4.2700 4.2700 4.2800 4.2800 4.2800 4.2800 4.2800 4.2700 4.2700 4.2600 4.2600 4.2500 4.2400 4.2300 4.2200 4.2100 4.2000 4.1900 4.1800 4.1700 4.1700 4.1600 4.1600 4.1600 4.1500 4.1500 4.1500 4.1500 4.1500 4.1500 4.1500 4.1500 4.1500 4.1500 4.1500 4.1500 4.1400 4.1400 4.1400 4.1300 4.1300 4.1300 4.1300 4.1300 4.1300 4.1300 4.1300 4.1400 4.1400 4.1400 4.1500 4.1600 4.1600 4.1600 4.1600 4.1700 4.1700 4.1800 4.1800 4.1900 4.1900 4.1900 4.1900 4.2000 4.2000 4.2000 4.2100 4.2100 4.2100 4.2100 4.2200 4.2200 4.2200
4.2300 4.2400 4.2400 4.2400 4.2500 4.2600 4.2700 4.2800 4.2800 4.2800 4.2900 4.2900 4.2800 4.2800 4.2800 4.2700 4.2700 4.2600 4.2600 4.2500 4.2300 4.2200 4.2000 4.1900 4.1800 4.1700 4.1600 4.1600 4.1600 4.1600 4.1600 4.1600 4.1500 4.1500 4.1500 4.1500 4.1500 4.1500 4.1500 4.1500 4.1500 4.1500 4.1500 4.1500 4.1400 4.1400 4.1400 4.1300 4.1300 4.1300 4.1200 4.1200 4.1200 4.1300 4.1300 4.1400 4.1400 4.1500 4.1600 4.1600 4.1600 4.1600 4.1700 4.1700 4.1800 4.1800 4.1900 4.1900 4.2000 4.2000 4.2000 4.2000 4.2100 4.2100 4.2100 4.2200 4.2200 4.2200 4.2200 4.2300 4.2300
4.2400 4.2400 4.2500 4.2600 4.2600 4.2700 4.2800 4.2800 4.2900 4.2900 4.2900 4.2900 4.2900 4.2800 4.2800 4.2700 4.2600 4.2600 4.2500 4.2400 4.2300 4.2100 4.1900 4.1800 4.1700 4.1700 4.1600 4.1600 4.1600 4.1600 4.1600 4.1600 4.1600 4.1600 4.1600 4.1600 4.1600 4.1600 4.1600 4.1600 4.1600 4.1600 4.1600 4.1500 4.1500 4.1400 4.1400 4.1400 4.1300 4.1300 4.1300 4.1300 4.1300 4.1400 4.1400 4.1500 4.1500 4.1600 4.1700 4.1700 4.1700 4.1800 4.1800 4.1800 4.1900 4.1900 4.2000 4.2000 4.2100 4.2100 4.2100 4.2200 4.2200 4.2200 4.2200 4.2300 4.2300 4.2400 4.2400 4.2400 4.2400
4.2600 4.2600 4.2600 4.2700 4.2700 4.2800 4.2800 4.2800 4.2900 4.2900 4.2900 4.2900 4.2800 4.2800 4.2700 4.2600 4.2600 4.2500 4.2400 4.2400 4.2200 4.2100 4.1900 4.1800 4.1800 4.1800 4.1800 4.1800 4.1700 4.1700 4.1700 4.1700 4.1700 4.1600 4.1600 4.1600 4.1600 4.1600 4.1700 4.1600 4.1600 4.1600 4.1600 4.1600 4.1600 4.1500 4.1500 4.1400 4.1400 4.1400 4.1400 4.1400 4.1500 4.1600 4.1600 4.1700 4.1700 4.1800 4.1800 4.1900 4.1900 4.1900 4.1900 4.2000 4.2000 4.2000 4.2100 4.2200 4.2200 4.2200 4.2200 4.2300 4.2300 4.2400 4.2400 4.2400 4.2500 4.2500 4.2500 4.2600 4.2600
4.2800 4.2800 4.2800 4.2800 4.2800 4.2800 4.2800 4.2900 4.2900 4.2900 4.2900 4.2900 4.2800 4.2700 4.2700 4.2600 4.2500 4.2400 4.2400 4.2300 4.2200 4.2000 4.1900 4.1900 4.1900 4.1900 4.1900 4.1800 4.1800 4.1800 4.1800 4.1800 4.1800 4.1700 4.1700 4.1700 4.1700 4.1700 4.1700 4.1700 4.1700 4.1700 4.1700 4.1600 4.1600 4.1600 4.1600 4.1600 4.1600 4.1600 4.1600 4.1600 4.1700 4.1700 4.1800 4.1900 4.1900 4.2000 4.2000 4.2000 4.2000 4.2100 4.2100 4.2100 4.2100 4.2200 4.2200 4.2300 4.2300 4.2300 4.2300 4.2400 4.2400 4.2500 4.2500 4.2600 4.2600 4.2700 4.2700 4.2700 4.2700
4.2900 4.2900 4.2900 4.2900 4.2900 4.2900 4.2900 4.2900 4.2900 4.2900 4.2900 4.2800 4.2700 4.2700 4.2600 4.2500 4.2500 4.2400 4.2300 4.2200 4.2200 4.2100 4.2000 4.2000 4.2000 4.2000 4.2000 4.2000 4.1900 4.1900 4.1900 4.1800 4.1800 4.1800 4.1800 4.1800 4.1800 4.1800 4.1800 4.1800 4.1800 4.1800 4.1700 4.1700 4.1700 4.1600 4.1600 4.1600 4.1700 4.1700 4.1700 4.1800 4.1800 4.1900 4.2000 4.2000 4.2100 4.2100 4.2200 4.2200 4.2200 4.2200 4.2200 4.2200 4.2300 4.2300 4.2300 4.2400 4.2400 4.2400 4.2400 4.2500 4.2500 4.2600 4.2600 4.2700 4.2800 4.2800 4.2800 4.2900 4.2900
4.3000 4.3000 4.3000 4.3000 4.3000 4.2900 4.2900 4.2900 4.2800 4.2800 4.2800 4.2800 4.2800 4.2700 4.2700 4.2600 4.2600 4.2500 4.2400 4.2400 4.2300 4.2200 4.2100 4.2100 4.2100 4.2100 4.2100 4.2100 4.2000 4.2000 4.2000 4.2000 4.2000 4.1900 4.1900 4.1900 4.1900 4.1900 4.1900 4.1900 4.1900 4.1900 4.1900 4.1800 4.1800 4.1800 4.1800 4.1800 4.1800 4.1900 4.1900 4.2000 4.2100 4.2200 4.2200 4.2300 4.2300 4.2400 4.2400 4.2400 4.2400 4.2500 4.2500 4.2500 4.2500 4.2500 4.2600 4.2600 4.2600 4.2600 4.2600 4.2700 4.2700 4.2800 4.2800 4.2900 4.2900 4.2900 4.3000 4.3000 4.3000
4.3000 4.2900 4.3000 4.3000 4.2900 4.2900 4.2800 4.2800 4.2800 4.2800 4.2800 4.2800 4.2800 4.2800 4.2800 4.2800 4.2700 4.2600 4.2600 4.2500 4.2400 4.2300 4.2300 4.2200 4.2200 4.2200 4.2200 4.2200 4.2200 4.2200 4.2100 4.2100 4.2100 4.2100 4.2100 4.2100 4.2100 4.2100 4.2100 4.2100 4.2100 4.2100 4.2100 4.2100 4.2100 4.2100 4.2000 4.2000 4.2100 4.2200 4.2200 4.2300 4.2400 4.2400 4.2500 4.2600 4.2600 4.2700 4.2700 4.2800 4.2800 4.2800 4.2800 4.2800 4.2800 4.2900 4.2900 4.2900 4.2900 4.2900 4.2900 4.3000 4.3000 4.3000 4.3000 4.3000 4.3000 4.3000 4.3100 4.3100 4.3100
4.2900 4.2900 4.3000 4.2900 4.2900 4.2800 4.2800 4.2800 4.2800 4.2800 4.2800 4.2800 4.2800 4.2900 4.2900 4.2900 4.2800 4.2700 4.2700 4.2600 4.2600 4.2500 4.2400 4.2400 4.2400 4.2400 4.2400 4.2400 4.2400 4.2300 4.2300 4.2300 4.2300 4.2300 4.2300 4.2300 4.2300 4.2300 4.2300 4.2300 4.2300 4.2400 4.2400 4.2400 4.2300 4.2300 4.2300 4.2300 4.2400 4.2400 4.2500 4.2600 4.2600 4.2700 4.2800 4.2900 4.2900 4.3000 4.3000 4.3100 4.3100 4.3100 4.3200 4.3200 4.3200 4.3200 4.3200 4.3200 4.3200 4.3200 4.3200 4.3200 4.3200 4.3200 4.3200 4.3200 4.3200 4.3200 4.3200 4.3200 4.3200
4.2900 4.2900 4.2900 4.2900 4.2800 4.2800 4.2800 4.2800 4.2800 4.2800 4.2800 4.2800 4.2900 4.2900 4.3000 4.3000 4.2900 4.2900 4.2800 4.2700 4.2700 4.2600 4.2600 4.2500 4.2600 4.2600 4.2600 4.2600 4.2500 4.2500 4.2400 4.2400 4.2400 4.2400 4.2400 4.2500 4.2500 4.2500 4.2500 4.2500 4.2600 4.2600 4.2600 4.2600 4.2600 4.2600 4.2600 4.2600 4.2600 4.2700 4.2800 4.2800 4.2900 4.3000 4.3100 4.3200 4.3200 4.3300 4.3400 4.3400 4.3400 4.3400 4.3500 4.3500 4.3500 4.3600 4.3600 4.3600 4.3600 4.3500 4.3500 4.3500 4.3500 4.3400 4.3400 4.3400 4.3300 4.3300 4.3300 4.3300 4.3300
4.2900 4.2900 4.2900 4.2900 4.2800 4.2800 4.2800 4.2800 4.2800 4.2800 4.2800 4.2800 4.2900 4.3000 4.3000 4.3000 4.3000 4.3000 4.2900 4.2900 4.2800 4.2800 4.2700 4.2700 4.2700 4.2700 4.2700 4.2700 4.2700 4.2600 4.2600 4.2600 4.2600 4.2600 4.2600 4.2700 4.2700 4.2700 4.2700 4.2700 4.2800 4.2800 4.2800 4.2800 4.2800 4.2800 4.2800 4.2800 4.2900 4.3000 4.3100 4.3100 4.3200 4.3300 4.3400 4.3500 4.3500 4.3600 4.3700 4.3800 4.3800 4.3800 4.3900 4.3900 4.3900 4.3900 4.3900 4.3900 4.3900 4.3800 4.3800 4.3700 4.3700 4.3600 4.3600 4.3500 4.3500 4.3400 4.3400 4.3400 4.3400
4.2900 4.3000 4.3000 4.2900 4.2900 4.2900 4.2800 4.2800 4.2800 4.2800 4.2800 4.2900 4.2900 4.3000 4.3100 4.3100 4.3100 4.3000 4.3000 4.3000 4.2900 4.2800 4.2800 4.2800 4.2800 4.2800 4.2800 4.2800 4.2800 4.2800 4.2800 4.2800 4.2800 4.2800 4.2900 4.2900 4.2900 4.2900 4.2900 4.3000 4.3000 4.3000 4.3100 4.3100 4.3100 4.3000 4.3000 4.3000 4.3200 4.3300 4.3400 4.3400 4.3500 4.3600 4.3700 4.3800 4.3900 4.4000 4.4100 4.4200 4.4200 4.4300 4.4400 4.4400 4.4300 4.4300 4.4300 4.4200 4.4100 4.4100 4.4000 4.3900 4.3900 4.3800 4.3800 4.3700 4.3700 4.3600 4.3600 4.3500 4.3500
4.3000 4.3000 4.3000 4.3000 4.3000 4.2900 4.2900 4.2900 4.2900 4.2900 4.2900 4.2900 4.3000 4.3000 4.3100 4.3100 4.3100 4.3100 4.3000 4.3000 4.3000 4.2900 4.2900 4.2900 4.2900 4.3000 4.3000 4.3000 4.3000 4.3000 4.3000 4.3000 4.3000 4.3100 4.3100 4.3100 4.3100 4.3200 4.3200 4.3200 4.3200 4.3200 4.3300 4.3300 4.3300 4.3300 4.3200 4.3300 4.3400 4.3500 4.3600 4.3800 4.3800 4.3900 4.3900 4.4100 4.4200 4.4400 4.4500 4.4600 4.4700 4.4700 4.4800 4.4800 4.4700 4.4700 4.4600 4.4500 4.4400 4.4300 4.4100 4.4100 4.4000 4.4000 4.4000 4.3900 4.3900 4.3800 4.3700 4.3600 4.3600
