problem/maps/Apure.asc
NCOLS 732
NROWS 242
XLLCORNER -72.4250000062
YLLCORNER 6.0499999759
CELLSIZE 0.008333
NODATA_VALUE nan
[rows 102 to 135 of 242, columns 0 to 74 of 732]
nan nan nan nan nan nan nan nan nan nan nan nan nan nan nan nan nan nan nan nan nan nan nan nan nan nan nan nan nan nan nan nan 3.1900 3.1600 3.0500 3.1000 3.2100 3.3100 3.2800 3.3600 3.3700 3.4600 3.5900 3.6400 3.6800 3.7200 3.7400 3.7500 3.7600 3.7900 3.8200 3.8200 3.8600 3.8800 3.8700 3.8800 3.8900 3.9000 3.9100 3.9300 3.9400 3.9500 3.9600 3.9700 3.9800 3.9800 3.9800 3.9900 3.9900 4.0000 4.0000 4.0100 4.0100 4.0100 4.0100
nan nan nan nan nan nan nan nan nan nan nan nan nan nan nan nan nan nan nan nan nan nan nan nan nan nan nan nan nan nan nan nan nan 3.1600 3.1500 3.1600 3.3300 3.3300 3.3500 3.4100 3.4400 3.4800 3.5800 3.6300 3.6900 3.7300 3.7400 3.7600 3.7800 3.8000 3.8200 3.8600 3.8700 3.8700 3.8700 3.8800 3.8800 3.9000 3.9100 3.9200 3.9400 3.9500 3.9600 3.9700 3.9700 3.9800 3.9800 3.9900 3.9900 3.9900 4.0000 4.0100 4.0100 4.0100 4.0100
nan nan nan nan nan nan nan nan nan nan nan nan nan nan nan nan nan nan nan nan nan nan nan nan nan nan nan nan nan nan nan nan nan nan 3.1400 3.1700 3.3700 3.2300 3.2400 3.3600 3.4100 3.4900 3.5800 3.6400 3.7000 3.7400 3.7400 3.7600 3.7800 3.8000 3.8200 3.8500 3.8800 3.8900 3.8900 3.8900 3.8900 3.8900 3.9100 3.9200 3.9300 3.9400 3.9500 3.9600 3.9700 3.9800 3.9800 3.9800 3.9900 3.9900 4.0000 4.0000 4.0100 4.0100 4.0100
nan nan nan nan nan nan nan nan nan nan nan nan nan nan nan nan nan nan nan nan nan nan nan nan nan nan nan nan nan nan nan nan nan nan 3.2100 3.3600 3.4300 3.3000 3.2700 3.3700 3.4500 3.5000 3.5800 3.6300 3.7000 3.7400 3.7400 3.7600 3.7800 3.8000 3.8200 3.8400 3.8600 3.8800 3.8800 3.8800 3.8800 3.8900 3.9000 3.9100 3.9200 3.9400 3.9500 3.9600 3.9700 3.9800 3.9800 3.9800 3.9800 3.9900 3.9900 4.0000 4.0100 4.0100 4.0100
nan nan nan nan nan nan nan nan nan nan nan nan nan nan nan nan nan nan nan nan nan nan nan nan nan nan nan nan nan nan nan nan nan nan nan 3.4300 3.4500 3.5000 3.2000 3.4200 3.4400 3.5300 3.5700 3.6300 3.7000 3.7300 3.7500 3.7600 3.7700 3.7900 3.8100 3.8300 3.8500 3.8600 3.8700 3.8700 3.8700 3.8800 3.9000 3.9100 3.9200 3.9300 3.9500 3.9600 3.9700 3.9800 3.9800 3.9800 3.9800 3.9900 3.9900 4.0000 4.0000 4.0100 4.0100
nan nan nan nan nan nan nan nan nan nan nan nan nan nan nan nan nan nan nan nan nan nan nan nan nan nan nan nan nan nan nan nan nan nan nan 3.4200 3.5000 3.5200 3.3100 3.4200 3.4800 3.5400 3.6100 3.6600 3.7000 3.7300 3.7400 3.7500 3.7600 3.7800 3.8100 3.8300 3.8500 3.8600 3.8600 3.8700 3.8700 3.8800 3.9000 3.9100 3.9100 3.9300 3.9400 3.9600 3.9700 3.9800 3.9800 3.9800 3.9800 3.9900 3.9900 4.0000 4.0000 4.0100 4.0100
nan nan nan nan nan nan nan nan nan nan nan nan nan nan nan nan nan nan nan nan nan nan nan nan nan nan nan nan nan nan nan nan nan nan nan nan 3.5400 3.5900 3.4100 3.4500 3.5200 3.5800 3.6300 3.6600 3.6900 3.7200 3.7300 3.7400 3.7600 3.7800 3.8100 3.8300 3.8500 3.8600 3.8600 3.8600 3.8600 3.8800 3.9000 3.9100 3.9100 3.9200 3.9400 3.9500 3.9700 3.9800 3.9800 3.9800 3.9800 3.9900 3.9900 4.0000 4.0000 4.0000 4.0100
nan nan nan nan nan nan nan nan nan nan nan nan nan nan nan nan nan nan nan nan nan nan nan nan nan nan nan nan nan nan nan nan nan nan nan nan 3.5200 3.6200 3.4000 3.5400 3.5700 3.5900 3.6400 3.6700 3.6900 3.7100 3.7400 3.7500 3.7600 3.7800 3.8000 3.8300 3.8500 3.8600 3.8600 3.8600 3.8700 3.8800 3.8900 3.8900 3.9100 3.9300 3.9500 3.9600 3.9700 3.9800 3.9800 3.9800 3.9800 3.9900 3.9900 4.0000 4.0000 4.0000 4.0000
nan nan nan nan nan nan nan nan nan nan nan nan nan nan nan nan nan nan nan nan nan nan nan nan nan nan nan nan nan nan nan nan nan nan nan nan nan 3.6700 3.4500 3.5700 3.6000 3.6300 3.6400 3.6700 3.7000 3.7100 3.7500 3.7500 3.7700 3.7900 3.8100 3.8300 3.8500 3.8600 3.8600 3.8600 3.8700 3.8900 3.9000 3.9100 3.9300 3.9300 3.9500 3.9600 3.9700 3.9800 3.9800 3.9800 3.9800 3.9900 3.9900 4.0000 4.0000 4.0000 4.0000
nan nan nan nan nan nan nan nan nan nan nan nan nan nan nan nan nan nan nan nan nan nan nan nan nan nan nan nan nan nan nan nan nan nan nan nan nan nan 3.5400 3.6200 3.6200 3.6400 3.6600 3.6900 3.7000 3.7300 3.7400 3.7600 3.7800 3.8000 3.8200 3.8400 3.8600 3.8700 3.8700 3.8700 3.8800 3.8900 3.9100 3.9200 3.9300 3.9400 3.9500 3.9600 3.9700 3.9800 3.9800 3.9800 3.9900 3.9900 3.9900 4.0000 4.0000 4.0100 4.0100
nan nan nan nan nan nan nan nan nan nan nan nan nan nan nan nan nan nan nan nan nan nan nan nan nan nan nan nan nan nan nan nan nan nan nan nan nan nan 3.6100 3.6600 3.6500 3.6700 3.6700 3.6900 3.7100 3.7400 3.7500 3.7700 3.7800 3.8000 3.8200 3.8400 3.8600 3.8800 3.8800 3.8800 3.8800 3.8900 3.9100 3.9200 3.9300 3.9500 3.9600 3.9700 3.9800 3.9800 3.9800 3.9800 3.9900 3.9900 4.0000 4.0000 4.0000 4.0100 4.0100
nan nan nan nan nan nan nan nan nan nan nan nan nan nan nan nan nan nan nan nan nan nan nan nan nan nan nan nan nan nan nan nan nan nan nan nan nan nan nan 3.6800 3.6600 3.6600 3.6800 3.7000 3.7100 3.7500 3.7500 3.7800 3.7900 3.8100 3.8300 3.8500 3.8700 3.8800 3.8800 3.8800 3.8900 3.9000 3.9100 3.9200 3.9400 3.9500 3.9600 3.9700 3.9800 3.9800 3.9800 3.9900 3.9900 3.9900 4.0000 4.0000 4.0100 4.0100 4.0100
nan nan nan nan nan nan nan nan nan nan nan nan nan nan nan nan nan nan nan nan nan nan nan nan nan nan nan nan nan nan nan nan nan nan nan nan nan nan nan 3.7100 3.6900 3.6900 3.7000 3.7100 3.7200 3.7600 3.7600 3.7900 3.8000 3.8200 3.8400 3.8600 3.8800 3.8900 3.8900 3.8900 3.9000 3.9000 3.9200 3.9300 3.9400 3.9500 3.9600 3.9700 3.9800 3.9800 3.9800 3.9900 3.9900 3.9900 4.0000 4.0100 4.0100 4.0100 4.0100
nan nan nan nan nan nan nan nan nan nan nan nan nan nan nan nan nan nan nan nan nan nan nan nan nan nan nan nan nan nan nan nan nan nan nan nan nan nan nan nan 3.7100 3.7100 3.7300 3.7400 3.7700 3.7700 3.7800 3.8100 3.8200 3.8400 3.8500 3.8700 3.8900 3.9000 3.9000 3.9000 3.9100 3.9100 3.9200 3.9400 3.9500 3.9600 3.9700 3.9800 3.9800 3.9900 3.9900 3.9900 3.9900 4.0000 4.0000 4.0100 4.0100 4.0200 4.0200
nan nan nan nan nan nan nan nan nan nan nan nan nan nan nan nan nan nan nan nan nan nan nan nan nan nan nan nan nan nan nan nan nan nan nan nan nan nan nan nan 3.7200 3.7300 3.7400 3.7600 3.8100 3.8000 3.8000 3.8300 3.8400 3.8500 3.8700 3.8900 3.9000 3.9100 3.9100 3.9100 3.9200 3.9200 3.9300 3.9400 3.9500 3.9600 3.9700 3.9800 3.9900 3.9900 3.9900 3.9900 3.9900 4.0000 4.0100 4.0100 4.0200 4.0200 4.0200
nan nan nan nan nan nan nan nan nan nan nan nan nan nan nan nan nan nan nan nan nan nan nan nan nan nan nan nan nan nan nan nan nan nan nan nan nan nan nan nan nan 3.7500 3.7700 3.7900 3.8200 3.8200 3.8400 3.8500 3.8600 3.8700 3.8800 3.9000 3.9100 3.9200 3.9200 3.9200 3.9300 3.9300 3.9400 3.9500 3.9600 3.9700 3.9700 3.9800 3.9900 3.9900 3.9900 3.9900 4.0000 4.0000 4.0100 4.0100 4.0200 4.0300 4.0300
nan nan nan nan nan nan nan nan nan nan nan nan nan nan nan nan nan nan nan nan nan nan nan nan nan nan nan nan nan nan nan nan nan nan nan nan nan nan nan nan nan nan 3.7800 3.8400 3.8300 3.8400 3.8500 3.8600 3.8700 3.8800 3.8900 3.9100 3.9200 3.9300 3.9300 3.9300 3.9300 3.9400 3.9500 3.9500 3.9600 3.9700 3.9800 3.9800 3.9900 3.9900 3.9900 3.9900 4.0000 4.0000 4.0100 4.0200 4.0200 4.0300 4.0300
nan nan nan nan nan nan nan nan nan nan nan nan nan nan nan nan nan nan nan nan nan nan nan nan nan nan nan nan nan nan nan nan nan nan nan nan nan nan nan nan nan nan 3.8100 3.8300 3.8400 3.8500 3.8600 3.8600 3.8700 3.8800 3.9000 3.9100 3.9200 3.9300 3.9300 3.9400 3.9400 3.9400 3.9500 3.9600 3.9700 3.9700 3.9800 3.9800 3.9900 3.9900 3.9900 3.9900 4.0000 4.0000 4.0100 4.0100 4.0200 4.0200 4.0200
nan nan nan nan nan nan nan nan nan nan nan nan nan nan nan nan nan nan nan nan nan nan nan nan nan nan nan nan nan nan nan nan nan nan nan nan nan nan nan nan nan nan nan 3.8300 3.8400 3.8500 3.8600 3.8700 3.8800 3.8900 3.9000 3.9200 3.9300 3.9300 3.9400 3.9400 3.9400 3.9500 3.9500 3.9600 3.9700 3.9800 3.9800 3.9900 3.9900 3.9900 3.9900 3.9900 4.0000 4.0000 4.0100 4.0100 4.0200 4.0200 4.0200
nan nan nan nan nan nan nan nan nan nan nan nan nan nan nan nan nan nan nan nan nan nan nan nan nan nan nan nan nan nan nan nan nan nan nan nan nan nan nan nan nan nan nan 3.8300 3.8500 3.8600 3.8700 3.8700 3.8800 3.8900 3.9100 3.9200 3.9300 3.9400 3.9400 3.9400 3.9400 3.9500 3.9600 3.9600 3.9700 3.9800 3.9800 3.9900 3.9900 3.9900 3.9900 3.9900 4.0000 4.0000 4.0100 4.0100 4.0100 nan nan
nan nan nan nan nan nan nan nan nan nan nan nan nan nan nan nan nan nan nan nan nan nan nan nan nan nan nan nan nan nan nan nan nan nan nan nan nan nan nan nan nan nan nan nan 3.8300 3.8400 3.8500 3.8600 3.8700 3.8800 3.9000 3.9100 3.9300 3.9300 3.9400 3.9400 3.9400 3.9500 3.9500 3.9600 3.9700 3.9800 3.9800 3.9800 3.9900 3.9900 3.9900 3.9900 3.9900 3.9900 4.0000 nan nan nan nan
nan nan nan nan nan nan nan nan nan nan nan nan nan nan nan nan nan nan nan nan nan nan nan nan nan nan nan nan nan nan nan nan nan nan nan nan nan nan nan nan nan nan nan nan 3.7900 3.8100 3.8200 3.8300 3.8500 3.8600 3.8800 3.9000 3.9100 3.9200 3.9300 3.9300 3.9300 3.9400 3.9500 3.9500 3.9600 3.9700 3.9700 3.9800 3.9800 3.9800 3.9800 3.9800 3.9900 3.9900 4.0000 nan nan nan nan
nan nan nan nan nan nan nan nan nan nan nan nan nan nan nan nan nan nan nan nan nan nan nan nan nan nan nan nan nan nan nan nan nan nan nan nan nan nan nan nan nan nan nan nan nan nan 3.7900 3.8000 3.8200 3.8400 3.8600 3.8800 3.9000 3.9100 3.9100 3.9200 3.9200 3.9300 3.9400 3.9500 3.9500 3.9600 3.9700 3.9700 3.9800 3.9800 3.9800 3.9800 3.9800 3.9800 3.9900 nan nan nan nan
nan nan nan nan nan nan nan nan nan nan nan nan nan nan nan nan nan nan nan nan nan nan nan nan nan nan nan nan nan nan nan nan nan nan nan nan nan nan nan nan nan nan nan nan nan nan nan nan 3.7900 3.8200 3.8400 3.8700 3.8900 3.9000 3.9000 3.9100 3.9100 3.9200 3.9300 3.9400 3.9500 3.9500 3.9600 3.9600 3.9700 3.9700 3.9700 3.9700 3.9700 3.9800 nan nan nan nan nan
nan nan nan nan nan nan nan nan nan nan nan nan nan nan nan nan nan nan nan nan nan nan nan nan nan nan nan nan nan nan nan nan nan nan nan nan nan nan nan nan nan nan nan nan nan nan nan nan nan 3.7900 3.8200 3.8400 3.8700 3.8800 3.8800 3.8900 3.8900 3.9000 3.9100 3.9200 3.9300 3.9400 3.9500 3.9500 3.9600 nan nan nan nan nan nan nan nan nan nan
nan nan nan nan nan nan nan nan nan nan nan nan nan nan nan nan nan nan nan nan nan nan nan nan nan nan nan nan nan nan nan nan nan nan nan nan nan nan nan nan nan nan nan nan nan nan nan nan nan nan nan nan nan nan nan nan nan nan nan nan nan nan nan nan nan nan nan nan nan nan nan nan nan nan nan
nan nan nan nan nan nan nan nan nan nan nan nan nan nan nan nan nan nan nan nan nan nan nan nan nan nan nan nan nan nan nan nan nan nan nan nan nan nan nan nan nan nan nan nan nan nan nan nan nan nan nan nan nan nan nan nan nan nan nan nan nan nan nan nan nan nan nan nan nan nan nan nan nan nan nan
nan nan nan nan nan nan nan nan nan nan nan nan nan nan nan nan nan nan nan nan nan nan nan nan nan nan nan nan nan nan nan nan nan nan nan nan nan nan nan nan nan nan nan nan nan nan nan nan nan nan nan nan nan nan nan nan nan nan nan nan nan nan nan nan nan nan nan nan nan nan nan nan nan nan nan
nan nan nan nan nan nan nan nan nan nan nan nan nan nan nan nan nan nan nan nan nan nan nan nan nan nan nan nan nan nan nan nan nan nan nan nan nan nan nan nan nan nan nan nan nan nan nan nan nan nan nan nan nan nan nan nan nan nan nan nan nan nan nan nan nan nan nan nan nan nan nan nan nan nan nan
nan nan nan nan nan nan nan nan nan nan nan nan nan nan nan nan nan nan nan nan nan nan nan nan nan nan nan nan nan nan nan nan nan nan nan nan nan nan nan nan nan nan nan nan nan nan nan nan nan nan nan nan nan nan nan nan nan nan nan nan nan nan nan nan nan nan nan nan nan nan nan nan nan nan nan
nan nan nan nan nan nan nan nan nan nan nan nan nan nan nan nan nan nan nan nan nan nan nan nan nan nan nan nan nan nan nan nan nan nan nan nan nan nan nan nan nan nan nan nan nan nan nan nan nan nan nan nan nan nan nan nan nan nan nan nan nan nan nan nan nan nan nan nan nan nan nan nan nan nan nan
nan nan nan nan nan nan nan nan nan nan nan nan nan nan nan nan nan nan nan nan nan nan nan nan nan nan nan nan nan nan nan nan nan nan nan nan nan nan nan nan nan nan nan nan nan nan nan nan nan nan nan nan nan nan nan nan nan nan nan nan nan nan nan nan nan nan nan nan nan nan nan nan nan nan nan
nan nan nan nan nan nan nan nan nan nan nan nan nan nan nan nan nan nan nan nan nan nan nan nan nan nan nan nan nan nan nan nan nan nan nan nan nan nan nan nan nan nan nan nan nan nan nan nan nan nan nan nan nan nan nan nan nan nan nan nan nan nan nan nan nan nan nan nan nan nan nan nan nan nan nan
nan nan nan nan nan nan nan nan nan nan nan nan nan nan nan nan nan nan nan nan nan nan nan nan nan nan nan nan nan nan nan nan nan nan nan nan nan nan nan nan nan nan nan nan nan nan nan nan nan nan nan nan nan nan nan nan nan nan nan nan nan nan nan nan nan nan nan nan nan nan nan nan nan nan nan
