problem/maps/Cojedes.asc
NCOLS 149
NROWS 187
XLLCORNER -68.9916666866
YLLCORNER 8.5249999660
CELLSIZE 0.008333
NODATA_VALUE nan
[rows 0 to 33 of 187, columns 0 to 76 of 149]
nan nan nan nan nan nan nan nan nan nan nan nan nan nan nan nan nan nan nan nan nan nan nan nan nan nan nan nan nan nan nan nan nan nan nan nan nan nan nan nan nan nan nan nan nan nan nan nan nan nan nan nan nan nan nan nan nan nan nan nan nan nan nan nan nan nan nan nan nan nan nan nan nan nan nan nan nan
nan nan nan nan nan nan nan nan nan nan nan nan nan nan nan nan nan nan nan nan nan nan nan nan nan nan nan nan nan nan nan nan nan nan nan nan nan nan nan nan nan nan nan nan nan nan nan nan nan nan nan nan nan nan nan nan nan nan nan nan nan nan nan nan nan nan nan nan nan nan nan nan nan nan nan nan nan
nan nan nan nan nan nan nan nan nan nan nan nan nan nan nan nan nan nan nan nan nan nan nan nan nan nan nan nan nan nan nan nan nan nan nan nan nan nan nan nan nan nan nan nan nan nan nan nan nan nan nan nan nan nan nan nan nan nan nan nan nan nan nan nan nan nan nan nan nan nan nan nan nan nan nan nan nan
nan nan nan nan nan nan nan nan nan nan nan nan nan nan nan nan nan nan nan nan nan nan nan nan nan nan nan nan nan nan nan nan nan nan nan nan nan nan nan nan nan nan nan nan nan nan nan nan nan nan nan nan nan nan nan nan nan nan nan nan nan nan nan nan nan nan nan nan nan nan nan nan nan nan nan nan nan
nan nan nan nan nan nan nan nan nan nan nan nan nan nan nan nan nan nan nan nan nan nan nan nan nan nan nan nan nan nan nan nan nan nan nan nan nan nan nan nan nan nan nan nan nan nan nan nan nan nan nan nan nan nan nan nan nan nan nan nan nan nan nan nan nan nan nan nan nan nan nan nan nan nan nan nan nan
nan nan nan nan nan nan nan nan nan nan nan nan nan nan nan nan nan nan nan nan nan nan nan nan nan nan nan nan nan nan nan nan nan nan nan nan nan nan nan nan nan nan nan nan nan nan nan nan nan nan nan nan nan nan nan nan nan nan nan nan nan nan nan nan nan nan nan nan nan nan nan nan nan nan nan nan nan
nan nan nan nan nan nan nan nan nan nan nan nan nan nan nan nan nan nan nan nan nan nan nan nan nan nan nan nan nan nan nan nan nan nan nan nan nan nan nan nan nan nan nan nan nan nan nan nan nan nan nan nan nan nan nan nan nan nan nan nan nan nan nan nan nan nan nan nan nan nan nan nan nan nan nan nan nan
nan nan nan nan nan nan nan nan nan nan nan nan nan nan nan nan nan nan nan nan nan nan nan nan nan nan nan nan nan nan nan nan nan nan nan nan nan nan nan nan nan nan nan nan nan nan nan nan nan nan nan nan nan nan nan nan nan nan nan nan nan nan nan nan nan nan nan nan nan nan nan nan nan nan nan nan nan
nan nan nan nan nan nan nan nan nan nan nan nan nan nan nan nan nan nan nan nan nan nan nan nan nan nan nan nan nan nan nan nan nan nan nan nan nan nan nan nan nan nan nan nan nan nan nan nan nan nan nan nan nan nan nan nan nan nan nan nan nan nan nan nan nan nan nan nan nan nan nan nan nan nan nan nan nan
nan nan nan nan nan nan nan nan nan nan nan nan nan nan nan nan nan nan nan nan nan nan nan nan nan nan nan nan nan nan nan nan nan nan nan nan nan nan nan nan nan nan nan nan nan nan nan nan nan nan nan nan nan nan nan nan nan nan nan nan nan nan nan nan nan nan nan nan nan nan nan nan nan nan nan nan nan
nan nan nan nan nan nan nan nan nan nan nan nan nan nan nan nan nan nan nan nan nan nan nan nan nan nan nan nan nan nan nan nan nan nan nan nan nan nan nan nan nan nan nan nan nan nan nan nan nan nan nan nan nan nan nan nan nan nan nan nan nan nan nan nan nan nan nan nan nan nan nan nan nan nan nan nan 4.2600
nan nan nan nan nan nan nan nan nan nan nan nan nan nan nan nan nan nan nan nan nan nan nan nan nan nan nan nan nan nan nan nan nan nan nan nan nan nan nan nan nan nan nan nan nan nan nan nan nan nan nan nan nan nan nan nan nan nan nan nan nan nan nan nan nan nan nan nan nan nan nan nan nan nan 4.2200 4.2500 4.2800
nan nan nan nan nan nan nan nan nan nan nan nan nan nan nan nan nan nan nan nan nan nan nan nan nan nan nan nan nan nan nan nan nan nan nan nan nan nan nan nan nan nan nan nan nan nan nan nan nan nan nan nan nan nan nan nan nan nan nan nan nan nan nan nan nan nan nan nan nan nan nan nan nan 4.2100 4.2600 4.2900 4.3000
nan nan nan nan nan nan nan nan nan nan nan nan nan nan nan nan nan nan nan nan nan nan nan nan nan nan nan nan nan nan nan nan nan nan nan nan nan nan nan 4.0100 nan nan nan nan nan nan nan nan nan nan nan nan nan nan nan nan nan nan nan nan nan nan nan nan nan nan nan nan nan nan nan nan 4.2100 4.2500 4.2800 4.3100 4.3200
nan nan nan nan nan nan nan nan nan nan nan nan nan nan nan nan nan nan nan nan nan nan nan nan nan nan nan nan nan nan nan nan nan nan nan nan nan nan 3.9800 4.0100 3.9900 nan 3.9400 3.9000 3.8800 nan nan nan nan nan nan nan nan nan nan nan nan nan nan nan nan nan nan nan nan nan nan nan nan nan 4.1600 4.2000 4.2500 4.2700 4.2900 4.3100 4.3300
nan nan nan nan nan nan nan nan nan nan nan nan nan nan nan nan nan nan nan nan nan nan nan nan nan nan nan nan nan nan nan nan nan nan nan nan nan 3.9500 3.9600 3.9900 4.0200 3.9700 3.9700 3.9100 4.0700 nan nan nan nan nan nan nan nan nan nan nan nan nan nan nan nan nan nan nan nan nan nan nan nan 4.1800 4.1900 4.2400 4.2600 4.2800 4.3000 4.3200 4.3400
nan nan nan nan nan nan nan nan nan nan nan nan nan nan nan nan nan nan nan nan nan nan nan nan nan nan nan nan nan nan nan nan nan nan nan 3.9600 3.9300 3.9500 3.9500 3.9500 3.9700 3.9600 4.0400 4.0900 4.1400 nan nan nan nan nan nan nan nan nan nan nan nan nan nan nan nan nan nan nan nan nan nan 4.1800 4.1500 4.1800 4.2300 4.2400 4.2700 4.2900 4.3100 4.3300 4.3500
nan nan nan nan nan nan nan nan nan nan nan nan nan nan nan nan nan nan nan nan nan nan nan nan nan nan nan nan nan nan nan nan 4.0000 4.0100 3.9600 3.9600 3.9500 3.9600 4.0300 4.0100 3.9800 3.9900 4.0600 4.1100 4.1000 nan nan nan nan nan nan nan nan nan nan nan nan nan nan nan nan nan nan nan nan nan nan 4.1400 4.1900 4.2100 4.2600 4.2500 4.2900 4.3000 4.3200 4.3400 4.3500
nan nan nan nan nan nan nan nan nan nan nan nan nan nan nan nan nan nan nan nan nan nan nan nan nan nan nan nan nan nan nan nan 4.0300 3.9800 3.9500 3.9700 3.9400 3.9700 4.0200 3.9800 3.9600 4.0000 4.0900 4.1000 4.0800 4.0900 nan 4.1200 4.1400 4.1100 nan nan nan 4.0900 4.1300 nan nan nan nan nan nan nan nan nan nan 4.1400 4.1500 4.1700 4.2000 4.2100 4.2400 4.2600 4.3000 4.3100 4.3300 4.3400 4.3500
nan nan nan nan nan nan nan nan nan nan nan nan nan nan nan nan nan nan nan nan nan nan nan nan nan nan nan nan nan nan nan nan 4.1000 4.0500 3.9800 3.9600 3.9600 4.0400 4.0300 3.9600 4.0100 4.0800 4.0800 4.0600 4.0700 4.0800 4.1000 4.0500 4.1000 4.0700 4.0900 4.0900 4.1900 4.2000 4.1700 nan nan nan nan nan nan nan nan 4.1200 4.1200 4.1600 4.1900 4.2000 4.2000 4.2200 4.2000 4.2600 4.3000 4.3200 4.3300 4.3400 4.3500
nan nan nan nan nan nan nan nan nan nan nan nan nan nan nan nan nan nan nan nan nan nan nan nan nan nan nan nan nan nan nan nan 4.1000 4.0500 4.0400 3.9400 4.0200 4.0600 3.9800 3.9700 4.0900 4.0700 4.0300 4.0700 4.0600 4.0500 4.0800 4.0700 4.0700 4.0800 4.0700 4.1300 4.1100 4.1100 nan nan nan nan nan nan nan 4.1000 4.1200 4.1400 4.1400 4.1800 4.1900 4.2100 4.2100 4.2400 4.2100 4.2600 4.3000 4.3200 4.3400 4.3500 4.3500
nan nan nan nan nan nan nan nan nan nan nan nan nan nan nan nan nan nan nan nan nan nan nan nan nan nan nan nan nan nan nan nan 4.1200 3.9800 4.0300 3.9500 4.1200 4.0400 3.9600 4.1000 4.0900 4.0700 4.0300 4.0600 4.0300 4.0500 4.1000 4.1000 4.0900 4.1100 4.1800 4.1500 4.1700 4.1500 nan nan nan nan nan nan 4.1100 4.1300 4.2000 4.1900 4.1800 4.2000 4.2100 4.2100 4.2100 4.2400 4.3500 4.3200 4.3500 4.3600 4.3400 4.3500 4.3500
nan nan nan nan nan nan nan nan nan nan nan nan nan nan nan nan nan nan nan nan nan nan nan nan nan nan nan nan nan nan nan nan 4.1600 4.1000 3.9600 4.0900 4.1000 4.0400 4.0200 4.0900 4.0700 4.0300 4.0400 4.0200 4.1100 4.1300 4.1400 4.1400 4.1800 4.1800 4.1700 4.1500 4.1200 4.1300 nan nan nan nan 4.1000 4.1200 4.1500 4.2200 4.2100 4.2000 4.2100 4.2200 4.2400 4.2700 4.2700 4.3200 4.3100 4.3300 4.3300 4.3500 4.3500 4.3600 4.3600
nan nan nan nan nan nan nan nan nan nan nan nan nan nan nan nan nan nan nan nan nan nan nan nan nan nan nan nan nan nan nan nan 4.1800 4.1200 4.0400 4.1500 4.0900 4.0700 4.0700 4.0500 4.0100 4.1000 4.1300 4.1600 4.1800 4.1600 4.2000 4.2000 4.1900 4.1600 4.1800 4.1800 4.1500 4.0700 nan 4.0500 nan 4.0800 4.1200 4.1900 4.2400 4.2300 4.2300 4.2300 4.2500 4.2600 4.2600 4.2700 4.2900 4.3500 4.3300 4.3300 4.3400 4.3600 4.3600 4.3600 4.3600
nan nan nan nan nan nan nan nan nan nan nan nan nan nan nan nan nan nan nan nan nan nan nan nan nan nan nan nan nan nan nan nan 4.1500 4.1000 4.1200 4.1000 4.1300 4.1300 4.1600 4.1500 4.1800 4.2100 4.2000 4.1900 4.2000 4.2000 4.2100 4.2000 4.1800 4.1400 4.1300 4.1400 4.1300 4.0500 4.0700 4.0800 4.0900 4.1500 4.1900 4.2200 4.1900 4.2000 4.2600 4.2600 4.2700 4.2800 4.2800 4.2900 4.3000 4.3200 4.3200 4.3400 4.3400 4.3600 4.3600 4.3600 4.3600
nan nan nan nan nan nan nan nan nan nan nan nan nan nan nan nan nan nan nan nan nan nan nan nan nan nan nan nan nan nan 4.2400 4.1900 4.1200 4.1000 4.1200 4.2200 4.2200 4.2100 4.2100 4.2200 4.2200 4.2100 4.1900 4.2000 4.2100 4.2100 4.2300 4.2200 4.2300 4.1900 4.1100 4.1200 4.1000 4.0700 4.0700 4.1300 4.1500 4.1400 4.1600 4.2100 4.2000 4.2100 4.2400 4.2600 4.2900 4.3000 4.3100 4.3200 4.3100 4.3200 4.3100 4.3400 4.3500 4.3600 4.3600 4.3600 4.3600
nan nan nan nan nan nan nan nan nan nan nan nan nan nan nan nan nan nan nan nan nan nan nan nan nan 4.2600 4.2400 4.2400 4.2200 4.1800 4.1500 4.1500 4.2100 4.2200 4.2400 4.2500 4.2500 4.2400 4.2500 4.2400 4.2000 4.1800 4.2100 4.2400 4.2500 4.2400 4.2500 4.2400 4.2000 4.1700 4.1100 4.0800 4.1000 4.1300 4.1000 4.1400 4.1000 4.1300 4.1600 4.1900 4.2000 4.2000 4.2400 4.2500 4.2900 4.3200 4.3300 4.3200 4.3200 4.3300 4.3400 4.3500 4.3600 4.3600 4.3600 4.3600 4.3600
nan nan nan nan nan nan nan nan nan nan nan nan nan nan nan nan nan nan nan nan nan nan nan 4.2900 4.2800 4.2400 4.2600 4.2900 4.1400 4.2000 4.2800 4.2800 4.2800 4.2800 4.2700 4.2500 4.2600 4.2600 4.2600 4.2500 4.2000 4.2500 4.2700 4.2800 4.2800 4.2800 4.2100 4.1600 4.1600 4.1500 4.1100 4.0700 4.1600 4.1000 4.1100 4.1100 4.1100 4.1600 4.1800 4.1700 4.1800 4.2000 4.2400 4.2700 4.3000 4.3200 4.3300 4.3400 4.3400 4.3400 4.3500 4.3500 4.3600 4.3600 4.3600 4.3600 4.3600
nan nan nan nan 4.3400 nan nan 4.3000 nan nan nan nan nan nan nan nan nan nan nan nan nan nan nan 4.2900 4.2000 4.2700 4.3100 4.2300 4.1500 4.2900 4.3000 4.2700 4.2500 4.2500 4.2200 4.2700 4.2800 4.2200 4.2000 4.2000 4.2100 4.2100 4.2400 4.2700 4.2800 4.2800 4.2600 4.2100 4.2300 4.2100 4.1100 4.1100 4.1600 4.1300 4.1300 4.1500 4.1300 4.1500 4.1600 4.1500 4.2000 4.1900 4.2300 4.2600 4.2900 4.3100 4.3200 4.3400 4.3400 4.3400 4.3600 4.3600 4.3600 4.3700 4.3600 4.3700 4.3700
nan 4.3500 4.3300 4.3400 4.3200 4.3200 4.3100 4.3000 4.3000 4.3000 4.3000 4.2900 4.2700 4.2600 nan nan nan 4.2900 4.2500 4.2300 4.2600 4.2400 4.2800 4.2800 4.2200 4.3000 4.2900 4.2000 4.2400 4.2800 4.2800 4.2600 4.2100 4.2400 4.2200 4.2600 4.2200 4.2000 4.2800 4.2800 4.2800 4.2700 4.2600 4.2900 4.2600 4.2200 4.2100 4.2200 4.1600 4.1600 4.1400 4.1200 4.1700 4.1700 4.1700 4.1900 4.1800 4.1800 4.2000 4.2000 4.2200 4.2000 4.2100 4.2400 4.2700 4.2900 4.3000 4.3200 4.3400 4.3500 4.3600 4.3600 4.3700 4.3700 4.3700 4.3700 4.3800
nan 4.3500 4.3300 4.3400 4.3100 4.3100 4.3000 4.3000 4.3000 4.3000 4.2900 4.2800 4.2400 4.2500 4.2800 4.2800 4.2300 4.2200 4.2200 4.2400 4.2500 4.2600 4.2200 4.2400 4.2400 4.2600 4.2500 4.2300 4.2800 4.2400 4.2400 4.2400 4.2300 4.2400 4.2700 4.2500 4.2700 4.2800 4.2700 4.2700 4.2900 4.2900 4.2800 4.2800 4.2300 4.2000 4.1900 4.2600 4.1900 4.1700 4.1400 4.2000 4.2100 4.2000 4.2100 4.2000 4.2000 4.2100 4.2200 4.2300 4.2400 4.2300 4.1800 4.2300 4.2500 4.2700 4.3000 4.3200 4.3400 4.3500 4.3600 4.3600 4.3700 4.3600 4.3700 4.3800 4.3800
nan 4.3400 4.3300 4.3200 4.3200 4.3100 4.3000 4.3000 4.3000 4.2900 4.2800 4.2800 4.2300 4.2400 4.2600 4.2600 4.1800 4.2500 4.2600 4.2900 4.3000 4.3000 4.3100 4.2900 4.2600 4.2600 4.2700 4.2700 4.2800 4.2700 4.2700 4.2900 4.2800 4.2600 4.2400 4.2600 4.2400 4.2500 4.2500 4.2800 4.2800 4.2800 4.2800 4.2400 4.2100 4.2100 4.2300 4.2100 4.1900 4.1900 4.1900 4.1900 4.2500 4.2400 4.2300 4.2300 4.2200 4.2200 4.2200 4.2200 4.2200 4.2600 4.2000 4.2100 4.2300 4.2600 4.2800 4.3100 4.3400 4.3600 4.3600 4.3600 4.3600 4.3600 4.3700 4.3800 4.3900
nan 4.3400 4.3400 4.3200 4.3000 4.2900 4.3000 4.2900 4.2900 4.2900 4.2800 4.2600 4.2100 4.2500 4.2000 4.1800 4.2000 4.2900 4.3000 4.3000 4.2900 4.2600 4.2700 4.2700 4.2700 4.2800 4.2800 4.2700 4.2800 4.2700 4.2800 4.3000 4.2900 4.2600 4.2800 4.2500 4.2800 4.2800 4.3000 4.2800 4.2700 4.2500 4.2400 4.2200 4.2500 4.2300 4.2000 4.2100 4.2400 4.2300 4.2100 4.1900 4.2300 4.2600 4.2500 4.2400 4.2400 4.2400 4.2400 4.2300 4.2300 4.2400 4.2900 4.2200 4.2200 4.2300 4.2900 4.3100 4.3400 4.3600 4.3600 4.3600 4.3600 4.3600 4.3700 4.3800 4.3800
nan 4.3300 4.3200 4.3100 4.3000 4.2900 4.2700 4.2800 4.2900 4.2700 4.2700 4.2500 4.2100 4.2000 4.1900 4.1900 4.2100 4.2900 4.3000 4.2900 4.2400 4.2800 4.2700 4.2600 4.2700 4.2700 4.2700 4.2800 4.2800 4.2700 4.2900 4.3200 4.3000 4.2700 4.3100 4.2700 4.3100 4.3400 4.3300 4.2900 4.3400 4.3200 4.3000 4.3000 4.2600 4.2000 4.2100 4.2300 4.2700 4.2800 4.2600 4.2300 4.2400 4.2600 4.2800 4.2500 4.2700 4.2600 4.2600 4.2500 4.2500 4.2700 4.3100 4.3500 4.3300 4.3100 4.3000 4.3300 4.3400 4.3600 4.3500 4.3600 4.3500 4.3600 4.3600 4.3700 4.3700
