problem/maps/Guarico.asc
NCOLS 392
NROWS 291
XLLCORNER -68.0416666905
YLLCORNER 7.6166666363
CELLSIZE 0.008333
NODATA_VALUE nan
[rows 96 to 127 of 291, columns 0 to 70 of 392]
nan nan nan nan nan nan nan nan nan nan nan nan nan nan nan nan nan nan 4.4000 4.4000 4.4000 4.4000 4.4100 4.4100 4.4200 4.4300 4.4300 4.4400 4.4500 4.4500 4.4600 4.4600 4.4600 4.4500 4.4500 4.4500 4.4400 4.4400 4.4300 4.4300 4.4300 4.4300 4.4300 4.4300 4.4300 4.4400 4.4400 4.4400 4.4500 4.4500 4.4500 4.4600 4.4600 4.4600 4.4600 4.4500 4.4500 4.4600 4.4600 4.4600 4.4600 4.4600 4.4600 4.4700 4.4700 4.4800 4.4800 4.4800 4.4800 4.4800 4.4800
nan nan nan nan nan nan nan nan nan nan nan nan nan nan nan nan nan nan nan 4.4000 4.4000 4.4000 4.4000 4.4100 4.4200 4.4200 4.4300 4.4400 4.4400 4.4500 4.4600 4.4600 4.4500 4.4500 4.4400 4.4400 4.4400 4.4300 4.4300 4.4300 4.4300 4.4300 4.4300 4.4300 4.4400 4.4400 4.4400 4.4400 4.4500 4.4500 4.4500 4.4500 4.4500 4.4500 4.4500 4.4500 4.4500 4.4500 4.4500 4.4500 4.4500 4.4600 4.4600 4.4600 4.4700 4.4700 4.4800 4.4800 4.4800 4.4800 4.4800
nan nan nan nan nan nan nan nan nan nan nan nan nan nan nan nan nan nan nan 4.3900 4.3900 4.4000 4.4000 4.4100 4.4100 4.4200 4.4300 4.4400 4.4400 4.4500 4.4500 4.4500 4.4400 4.4400 4.4300 4.4300 4.4300 4.4300 4.4300 4.4300 4.4300 4.4300 4.4300 4.4300 4.4400 4.4400 4.4400 4.4400 4.4400 4.4500 4.4500 4.4500 4.4500 4.4500 4.4500 4.4400 4.4400 4.4400 4.4500 4.4500 4.4500 4.4500 4.4500 4.4600 4.4600 4.4700 4.4700 4.4700 4.4700 4.4800 4.4700
nan nan nan nan nan nan nan nan nan nan nan nan nan nan nan nan nan nan nan 4.3900 4.3900 4.4000 4.4000 4.4100 4.4100 4.4200 4.4300 4.4300 4.4300 4.4400 4.4400 4.4400 4.4400 4.4300 4.4300 4.4300 4.4300 4.4300 4.4300 4.4300 4.4300 4.4300 4.4300 4.4400 4.4400 4.4400 4.4400 4.4500 4.4500 4.4500 4.4500 4.4500 4.4500 4.4500 4.4500 4.4400 4.4400 4.4400 4.4400 4.4400 4.4500 4.4500 4.4500 4.4500 4.4600 4.4700 4.4700 4.4700 4.4800 4.4800 4.4800
nan nan nan nan nan nan nan nan nan nan nan nan nan nan nan nan nan nan nan 4.3900 4.3900 4.4000 4.4000 4.4000 4.4100 4.4100 4.4200 4.4200 4.4300 4.4300 4.4300 4.4300 4.4300 4.4300 4.4200 4.4200 4.4300 4.4300 4.4300 4.4300 4.4300 4.4400 4.4400 4.4400 4.4400 4.4500 4.4500 4.4500 4.4500 4.4500 4.4500 4.4500 4.4500 4.4500 4.4400 4.4400 4.4400 4.4400 4.4400 4.4400 4.4400 4.4500 4.4500 4.4500 4.4600 4.4700 4.4700 4.4800 4.4800 4.4900 4.4900
nan nan nan nan nan nan nan nan nan nan nan nan nan nan nan nan nan nan nan 4.3900 4.3900 4.4000 4.4000 4.4000 4.4100 4.4100 4.4100 4.4100 4.4200 4.4200 4.4300 4.4300 4.4300 4.4200 4.4200 4.4200 4.4200 4.4300 4.4300 4.4300 4.4400 4.4400 4.4400 4.4500 4.4500 4.4500 4.4500 4.4500 4.4500 4.4500 4.4600 4.4500 4.4500 4.4500 4.4400 4.4400 4.4400 4.4400 4.4300 4.4300 4.4400 4.4400 4.4500 4.4500 4.4600 4.4700 4.4800 4.4800 4.4900 4.4900 4.4900
nan nan nan nan nan nan nan nan nan nan nan nan nan nan nan nan nan nan nan nan 4.3900 4.4000 4.4000 4.4000 4.4100 4.4000 4.4000 4.4000 4.4100 4.4100 4.4200 4.4200 4.4200 4.4200 4.4100 4.4200 4.4200 4.4300 4.4300 4.4400 4.4400 4.4400 4.4500 4.4500 4.4500 4.4500 4.4600 4.4600 4.4600 4.4600 4.4600 4.4600 4.4500 4.4500 4.4400 4.4400 4.4400 4.4300 4.4300 4.4300 4.4400 4.4400 4.4400 4.4500 4.4600 4.4700 4.4800 4.4800 4.4900 4.5000 4.5000
nan nan nan nan nan nan nan nan nan nan nan nan nan nan nan nan nan nan nan nan 4.4000 4.4000 4.4000 4.4000 4.4000 4.4000 4.4000 4.4000 4.4100 4.4100 4.4200 4.4200 4.4200 4.4100 4.4100 4.4200 4.4200 4.4300 4.4400 4.4400 4.4500 4.4500 4.4500 4.4500 4.4600 4.4600 4.4600 4.4600 4.4600 4.4600 4.4600 4.4600 4.4600 4.4500 4.4500 4.4400 4.4400 4.4400 4.4400 4.4400 4.4400 4.4500 4.4500 4.4600 4.4700 4.4800 4.4900 4.4900 4.5000 4.5100 4.5200
nan nan nan nan nan nan nan nan nan nan nan nan nan nan nan nan nan nan nan nan 4.4000 4.4000 4.4000 4.4100 4.4000 4.4000 4.4000 4.4000 4.4100 4.4200 4.4200 4.4300 4.4300 4.4200 4.4200 4.4200 4.4300 4.4300 4.4400 4.4500 4.4500 4.4500 4.4600 4.4600 4.4600 4.4700 4.4700 4.4700 4.4700 4.4700 4.4700 4.4700 4.4600 4.4600 4.4500 4.4500 4.4500 4.4500 4.4500 4.4500 4.4500 4.4600 4.4600 4.4700 4.4800 4.4900 4.5000 4.5100 4.5100 4.5300 4.5300
nan nan nan nan nan nan nan nan nan nan nan nan nan nan nan nan nan nan nan nan nan 4.4000 4.4100 4.4100 4.4100 4.4100 4.4100 4.4100 4.4100 4.4200 4.4200 4.4300 4.4300 4.4300 4.4300 4.4300 4.4300 4.4400 4.4500 4.4500 4.4500 4.4600 4.4600 4.4600 4.4700 4.4700 4.4800 4.4800 4.4800 4.4800 4.4800 4.4800 4.4700 4.4700 4.4600 4.4600 4.4600 4.4600 4.4600 4.4600 4.4700 4.4700 4.4700 4.4800 4.4900 4.5000 4.5100 4.5200 4.5300 4.5400 4.5500
nan nan nan nan nan nan nan nan nan nan nan nan nan nan nan nan nan nan nan nan nan 4.4100 4.4100 4.4100 4.4100 4.4100 4.4100 4.4100 4.4200 4.4200 4.4300 4.4300 4.4300 4.4300 4.4300 4.4300 4.4400 4.4500 4.4500 4.4500 4.4600 4.4600 4.4700 4.4700 4.4700 4.4800 4.4800 4.4900 4.4900 4.4900 4.4900 4.4900 4.4800 4.4700 4.4700 4.4700 4.4700 4.4700 4.4700 4.4700 4.4800 4.4800 4.4900 4.4900 4.5000 4.5100 4.5200 4.5300 4.5500 4.5600 4.5700
nan nan nan nan nan nan nan nan nan nan nan nan nan nan nan nan nan nan nan nan nan 4.4100 4.4100 4.4100 4.4100 4.4100 4.4100 4.4100 4.4200 4.4200 4.4300 4.4300 4.4400 4.4300 4.4300 4.4400 4.4400 4.4500 4.4500 4.4600 4.4600 4.4700 4.4700 4.4700 4.4800 4.4900 4.4900 4.4900 4.4900 4.4900 4.4900 4.4900 4.4900 4.4800 4.4800 4.4800 4.4800 4.4800 4.4900 4.4900 4.4900 4.5000 4.5000 4.5100 4.5200 4.5300 4.5400 4.5500 4.5600 4.5700 4.5900
nan nan nan nan nan nan nan nan nan nan nan nan nan nan nan nan nan nan nan nan nan 4.4100 4.4100 4.4100 4.4100 4.4100 4.4100 4.4100 4.4200 4.4300 4.4300 4.4300 4.4400 4.4400 4.4400 4.4400 4.4500 4.4500 4.4600 4.4600 4.4700 4.4700 4.4800 4.4800 4.4900 4.4900 4.4900 4.5000 4.4900 4.4900 4.4900 4.4900 4.4900 4.4900 4.4900 4.4900 4.4900 4.5000 4.5000 4.5100 4.5100 4.5200 4.5200 4.5300 4.5400 4.5500 4.5600 4.5700 4.5800 4.6000 4.6100
nan nan nan nan nan nan nan nan nan nan nan nan nan nan nan nan nan nan nan nan nan 4.4100 4.4100 4.4100 4.4100 4.4100 4.4100 4.4200 4.4200 4.4300 4.4300 4.4300 4.4400 4.4400 4.4400 4.4400 4.4500 4.4500 4.4600 4.4700 4.4700 4.4800 4.4800 4.4900 4.4900 4.4900 4.5000 4.5000 4.5000 4.5000 4.5000 4.5000 4.5000 4.5000 4.5000 4.5000 4.5100 4.5100 4.5200 4.5300 4.5300 4.5400 4.5400 4.5500 4.5600 4.5700 4.5800 4.5900 4.6000 4.6200 4.6300
nan nan nan nan nan nan nan nan nan nan nan nan nan nan nan nan nan nan nan nan nan nan 4.4100 4.4100 4.4100 4.4100 4.4200 4.4200 4.4200 4.4300 4.4300 4.4300 4.4400 4.4400 4.4400 4.4500 4.4500 4.4600 4.4700 4.4700 4.4800 4.4800 4.4900 4.4900 4.5000 4.5000 4.5000 4.5000 4.5000 4.5000 4.5000 4.5000 4.5000 4.5100 4.5100 4.5100 4.5200 4.5300 4.5400 4.5500 4.5500 4.5600 4.5600 4.5700 4.5800 4.5900 4.6000 4.6100 4.6200 4.6400 4.6500
nan nan nan nan nan nan nan nan nan nan nan nan nan nan nan nan nan nan nan nan nan 4.4100 4.4100 4.4100 4.4200 4.4200 4.4200 4.4200 4.4300 4.4300 4.4400 4.4400 4.4400 4.4400 4.4500 4.4500 4.4600 4.4700 4.4700 4.4800 4.4800 4.4900 4.4900 4.5000 4.5000 4.5000 4.5100 4.5100 4.5100 4.5100 4.5100 4.5100 4.5100 4.5100 4.5200 4.5300 4.5300 4.5400 4.5500 4.5600 4.5700 4.5700 4.5800 4.5900 4.6000 4.6100 4.6200 4.6300 4.6400 4.6500 4.6600
nan nan nan nan nan nan nan nan nan nan nan nan nan nan nan nan nan nan nan nan nan 4.4200 4.4200 4.4200 4.4200 4.4200 4.4300 4.4300 4.4300 4.4400 4.4400 4.4500 4.4500 4.4500 4.4500 4.4600 4.4700 4.4700 4.4800 4.4900 4.4900 4.4900 4.5000 4.5000 4.5100 4.5100 4.5100 4.5100 4.5100 4.5100 4.5100 4.5200 4.5200 4.5300 4.5300 4.5400 4.5500 4.5500 4.5600 4.5700 4.5800 4.5800 4.5900 4.6000 4.6100 4.6200 4.6300 4.6400 4.6500 4.6600 4.6700
nan nan nan nan nan nan nan nan nan nan nan nan nan nan nan nan nan nan nan nan nan nan 4.4200 4.4300 4.4300 4.4300 4.4300 4.4400 4.4400 4.4500 4.4500 4.4500 4.4500 4.4600 4.4600 4.4700 4.4700 4.4800 4.4900 4.4900 4.4900 4.5000 4.5100 4.5100 4.5100 4.5100 4.5200 4.5200 4.5200 4.5200 4.5200 4.5300 4.5300 4.5400 4.5400 4.5500 4.5600 4.5700 4.5700 4.5800 4.5900 4.5900 4.6000 4.6100 4.6200 4.6400 4.6500 4.6600 4.6600 4.6700 4.6800
nan nan nan nan nan nan nan nan nan nan nan nan nan nan nan nan nan nan nan nan nan nan 4.4300 4.4300 4.4300 4.4400 4.4400 4.4400 4.4500 4.4500 4.4600 4.4600 4.4600 4.4700 4.4700 4.4700 4.4800 4.4900 4.4900 4.5000 4.5000 4.5100 4.5100 4.5100 4.5200 4.5200 4.5200 4.5200 4.5300 4.5300 4.5300 4.5400 4.5400 4.5500 4.5500 4.5600 4.5700 4.5800 4.5900 4.5900 4.6000 4.6100 4.6100 4.6200 4.6400 4.6500 4.6600 4.6700 4.6700 4.6800 4.6900
nan nan nan nan nan nan nan nan nan nan nan nan nan nan nan nan nan nan nan nan nan nan 4.4300 4.4300 4.4400 4.4400 4.4400 4.4500 4.4500 4.4500 4.4600 4.4600 4.4600 4.4700 4.4700 4.4800 4.4800 4.4900 4.4900 4.5000 4.5000 4.5100 4.5100 4.5200 4.5200 4.5200 4.5200 4.5300 4.5300 4.5300 4.5400 4.5400 4.5500 4.5500 4.5600 4.5700 4.5800 4.5900 4.5900 4.6000 4.6100 4.6100 4.6200 4.6300 4.6400 4.6500 4.6700 4.6800 4.6800 4.6900 4.6900
nan nan nan nan nan nan nan nan nan nan nan nan nan nan nan nan nan nan nan nan nan 4.4300 4.4300 4.4300 4.4400 4.4400 4.4400 4.4400 4.4500 4.4500 4.4500 4.4600 4.4600 4.4600 4.4700 4.4700 4.4800 4.4900 4.4900 4.5000 4.5000 4.5100 4.5100 4.5100 4.5200 4.5200 4.5200 4.5300 4.5300 4.5400 4.5400 4.5500 4.5500 4.5600 4.5700 4.5700 4.5800 4.5900 4.6000 4.6100 4.6100 4.6200 4.6200 4.6300 4.6400 4.6600 4.6700 4.6800 4.6800 4.6800 4.6900
nan nan nan nan nan nan nan nan nan nan nan nan nan nan nan nan nan nan nan nan nan 4.4300 4.4300 4.4300 4.4400 4.4400 4.4400 4.4400 4.4500 4.4500 4.4500 4.4500 4.4600 4.4600 4.4600 4.4700 4.4800 4.4900 4.4900 4.5000 4.5000 4.5100 4.5100 4.5100 4.5100 4.5200 4.5200 4.5300 4.5300 4.5400 4.5500 4.5500 4.5600 4.5700 4.5700 4.5800 4.5900 4.6000 4.6000 4.6100 4.6100 4.6200 4.6200 4.6300 4.6400 4.6600 4.6700 4.6800 4.6800 4.6800 4.6900
nan nan nan nan nan nan nan nan nan nan nan nan nan nan nan nan nan nan nan nan nan 4.4300 4.4300 4.4300 4.4400 4.4400 4.4400 4.4400 4.4500 4.4500 4.4500 4.4500 4.4500 4.4600 4.4600 4.4600 4.4700 4.4800 4.4900 4.5000 4.5000 4.5100 4.5100 4.5100 4.5100 4.5200 4.5200 4.5300 4.5300 4.5400 4.5500 4.5500 4.5600 4.5700 4.5800 4.5800 4.5900 4.6000 4.6000 4.6100 4.6200 4.6200 4.6300 4.6400 4.6500 4.6600 4.6700 4.6800 4.6800 4.6800 4.6800
nan nan nan nan nan nan nan nan nan nan nan nan nan nan nan nan nan nan nan nan 4.4200 4.4200 4.4300 4.4300 4.4300 4.4400 4.4400 4.4400 4.4400 4.4500 4.4500 4.4500 4.4500 4.4500 4.4600 4.4600 4.4700 4.4800 4.4900 4.5000 4.5000 4.5100 4.5100 4.5100 4.5100 4.5200 4.5200 4.5200 4.5300 4.5400 4.5500 4.5600 4.5700 4.5700 4.5700 4.5800 4.5900 4.5900 4.6000 4.6100 4.6100 4.6200 4.6300 4.6300 4.6400 4.6600 4.6600 4.6700 4.6700 4.6700 4.6800
nan nan nan nan nan nan nan nan nan nan nan nan nan nan nan nan nan nan nan nan 4.4100 4.4200 4.4200 4.4300 4.4300 4.4300 4.4300 4.4400 4.4400 4.4500 4.4500 4.4500 4.4500 4.4500 4.4600 4.4600 4.4800 4.4900 4.5000 4.5000 4.5100 4.5100 4.5100 4.5100 4.5100 4.5200 4.5200 4.5200 4.5300 4.5400 4.5500 4.5600 4.5600 4.5600 4.5700 4.5700 4.5800 4.5900 4.5900 4.6000 4.6100 4.6100 4.6200 4.6300 4.6400 4.6500 4.6600 4.6600 4.6600 4.6600 4.6600
nan nan nan nan nan nan nan nan nan nan nan nan nan nan nan nan nan nan nan 4.4000 4.4100 4.4100 4.4100 4.4200 4.4200 4.4300 4.4300 4.4300 4.4400 4.4400 4.4500 4.4500 4.4500 4.4600 4.4600 4.4700 4.4800 4.4900 4.5000 4.5100 4.5100 4.5100 4.5100 4.5100 4.5100 4.5200 4.5200 4.5200 4.5300 4.5400 4.5500 4.5500 4.5500 4.5600 4.5600 4.5700 4.5700 4.5800 4.5800 4.5900 4.6000 4.6100 4.6200 4.6200 4.6300 4.6400 4.6400 4.6500 4.6500 4.6500 4.6500
nan nan nan nan nan nan nan nan nan nan nan nan nan nan nan nan nan nan 4.4000 4.4000 4.4000 4.4100 4.4100 4.4100 4.4200 4.4200 4.4300 4.4300 4.4400 4.4400 4.4500 4.4500 4.4500 4.4600 4.4600 4.4700 4.4800 4.4900 4.5000 4.5100 4.5100 4.5100 4.5100 4.5100 4.5100 4.5100 4.5200 4.5200 4.5300 4.5400 4.5400 4.5500 4.5500 4.5500 4.5600 4.5600 4.5700 4.5700 4.5800 4.5800 4.5900 4.6100 4.6100 4.6200 4.6200 4.6300 4.6300 4.6400 4.6300 4.6300 4.6300
nan nan nan nan nan nan nan nan nan nan nan nan nan nan nan nan nan nan 4.3900 4.4000 4.4000 4.4100 4.4100 4.4200 4.4200 4.4300 4.4300 4.4300 4.4400 4.4500 4.4500 4.4600 4.4600 4.4600 4.4700 4.4700 4.4900 4.4900 4.5100 4.5100 4.5100 4.5100 4.5100 4.5100 4.5100 4.5100 4.5100 4.5200 4.5300 4.5300 4.5400 4.5400 4.5400 4.5500 4.5500 4.5500 4.5600 4.5600 4.5700 4.5700 4.5800 4.5900 4.6000 4.6100 4.6100 4.6100 4.6100 4.6200 4.6100 4.6100 4.6100
nan nan nan nan nan nan nan nan nan nan nan nan nan nan nan nan nan 4.4000 4.4000 4.4000 4.4100 4.4100 4.4200 4.4300 4.4300 4.4300 4.4400 4.4400 4.4500 4.4600 4.4700 4.4700 4.4700 4.4800 4.4800 4.4900 4.4900 4.5000 4.5100 4.5100 4.5100 4.5100 4.5000 4.5100 4.5100 4.5100 4.5100 4.5200 4.5200 4.5300 4.5300 4.5300 4.5400 4.5400 4.5400 4.5400 4.5500 4.5500 4.5600 4.5600 4.5700 4.5800 4.5800 4.5800 4.5900 4.5900 4.5900 4.5900 4.5900 4.5800 4.5800
nan nan nan nan nan nan nan nan nan nan nan nan nan nan nan nan 4.3900 4.4000 4.4000 4.4100 4.4200 4.4200 4.4300 4.4400 4.4400 4.4500 4.4500 4.4500 4.4600 4.4700 4.4800 4.4800 4.4900 4.4900 4.4900 4.4900 4.5000 4.5000 4.5100 4.5100 4.5100 4.5000 4.5000 4.5000 4.5000 4.5100 4.5100 4.5100 4.5100 4.5200 4.5200 4.5300 4.5300 4.5300 4.5300 4.5400 4.5400 4.5400 4.5500 4.5500 4.5600 4.5600 4.5600 4.5600 4.5600 4.5700 4.5700 4.5600 4.5600 4.5500 4.5500
nan nan nan nan nan nan nan nan nan nan nan nan nan nan nan nan 4.4000 4.4000 4.4100 4.4100 4.4200 4.4300 4.4400 4.4500 4.4500 4.4500 4.4600 4.4700 4.4700 4.4800 4.4900 4.4900 4.5000 4.5000 4.5000 4.5000 4.5000 4.5000 4.5100 4.5100 4.5000 4.5000 4.5000 4.5000 4.5000 4.5000 4.5000 4.5100 4.5100 4.5100 4.5200 4.5200 4.5200 4.5200 4.5200 4.5300 4.5300 4.5300 4.5400 4.5400 4.5400 4.5400 4.5400 4.5400 4.5400 4.5400 4.5400 4.5400 4.5300 4.5200 4.5100
nan nan nan nan nan nan nan nan nan nan nan nan nan nan nan nan 4.4000 4.4000 4.4100 4.4200 4.4300 4.4400 4.4500 4.4500 4.4600 4.4600 4.4600 4.4700 4.4800 4.4900 4.4900 4.5000 4.5000 4.5000 4.5000 4.5000 4.5000 4.5000 4.5000 4.5000 4.5000 4.5000 4.5000 4.5000 4.5000 4.5000 4.5000 4.5000 4.5100 4.5100 4.5100 4.5100 4.5100 4.5100 4.5200 4.5200 4.5200 4.5300 4.5300 4.5300 4.5300 4.5300 4.5200 4.5200 4.5200 4.5200 4.5200 4.5100 4.5000 4.4900 4.4900
