problem/maps/Guarico.asc
NCOLS 392
NROWS 291
XLLCORNER -68.0416666905
YLLCORNER 7.6166666363
CELLSIZE 0.008333
NODATA_VALUE nan
[rows 0 to 31 of 291, columns 71 to 141 of 392]
nan nan nan nan nan nan nan nan nan nan nan nan nan nan nan nan nan nan nan nan nan nan nan nan nan nan nan nan nan nan nan nan nan nan nan nan nan nan nan nan nan nan nan nan nan nan nan nan nan nan nan nan nan nan nan nan nan nan nan nan nan nan nan nan nan nan nan nan nan nan nan
nan nan nan nan nan nan nan nan nan nan nan nan nan nan nan nan nan nan nan nan nan nan nan nan nan nan nan nan nan nan nan nan nan nan nan nan nan nan nan nan nan nan nan nan nan nan nan nan nan nan nan nan nan nan nan nan nan nan nan nan nan nan nan nan nan nan nan nan nan nan nan
nan nan nan nan nan nan nan nan nan nan nan nan nan nan nan nan nan nan nan nan nan nan nan nan nan nan nan nan nan nan nan nan nan nan nan nan nan nan nan nan nan nan nan nan nan nan nan nan nan nan nan nan nan nan nan nan nan nan nan nan nan nan nan nan nan nan nan nan nan nan nan
nan nan nan nan nan nan nan nan nan nan nan nan nan nan nan nan nan nan nan nan nan nan nan nan nan nan nan nan nan nan nan nan nan nan nan nan nan nan nan nan nan nan nan nan nan nan nan nan nan nan nan nan nan nan nan nan nan nan nan nan nan nan nan nan nan nan nan nan nan nan nan
nan nan nan nan nan nan nan nan nan nan nan nan nan nan nan nan nan nan nan nan nan nan nan nan nan nan nan nan nan nan nan nan nan nan nan nan nan nan nan nan nan nan nan nan nan nan nan nan nan nan nan nan nan nan nan nan nan nan nan nan nan nan nan nan nan nan nan nan nan nan nan
nan nan nan nan nan nan nan nan nan nan nan nan nan nan nan nan nan nan nan nan nan nan nan nan nan nan nan nan nan nan nan nan nan nan nan nan nan nan nan nan nan nan nan nan nan nan nan nan nan nan nan nan nan nan nan nan nan nan nan nan nan nan nan nan nan nan nan nan nan nan nan
nan 4.4300 nan nan nan nan nan nan nan nan nan nan nan nan nan nan nan nan nan nan nan nan nan nan nan nan nan nan nan nan nan nan nan nan nan nan nan nan nan nan nan nan nan nan nan nan nan nan nan nan nan nan nan nan nan nan nan nan nan nan nan nan nan nan nan nan nan nan nan nan nan
4.4300 4.4100 4.4800 4.4600 nan nan nan nan nan nan nan nan nan nan nan nan nan nan nan nan nan nan nan nan nan nan nan nan nan nan nan nan nan nan nan nan nan nan nan nan nan nan nan nan nan nan nan nan nan nan nan nan nan nan nan nan nan nan nan nan nan nan nan nan nan nan nan nan nan nan nan
4.4400 4.4600 4.4300 4.4300 4.4400 nan nan nan nan nan nan nan nan nan nan nan nan nan nan nan nan nan nan nan nan nan nan nan nan nan nan nan nan nan nan nan nan nan nan nan nan nan nan nan nan nan nan nan nan nan nan nan nan nan nan nan nan nan nan nan nan nan nan nan nan nan nan nan nan nan nan
4.4700 4.4700 4.4900 4.4800 4.4800 4.4800 4.4800 nan nan nan nan nan nan nan nan nan nan nan nan nan nan nan nan nan nan nan nan nan nan nan nan nan nan nan nan nan nan nan nan nan nan nan nan nan nan nan nan nan nan nan nan nan nan nan nan nan nan nan nan nan nan nan nan nan nan nan nan nan nan nan nan
4.4300 4.4400 4.4500 4.4600 4.4600 4.4600 4.4600 4.4600 nan nan nan nan nan nan nan nan nan nan nan nan nan nan nan nan nan nan nan nan nan nan nan nan nan nan nan nan nan nan nan nan nan nan nan nan nan nan nan nan nan nan nan nan nan nan nan nan nan nan nan nan nan nan nan nan nan nan nan nan nan nan nan
4.4200 4.4100 4.4200 4.4200 4.4100 4.4300 4.3500 4.4500 4.4700 4.4800 nan nan nan nan nan nan nan nan nan nan nan nan nan nan nan nan nan nan nan nan nan nan nan nan nan nan nan nan nan nan nan nan nan nan nan nan nan nan nan nan nan nan nan nan nan nan nan nan nan nan nan nan nan nan nan nan nan nan nan nan nan
4.4400 4.4300 4.4200 4.4100 4.4300 4.4300 4.4600 4.4300 4.4700 4.4700 4.4800 nan nan nan nan nan nan nan nan nan nan nan nan nan nan nan nan nan nan nan nan nan nan nan nan nan nan nan nan nan nan nan nan nan nan nan nan nan nan nan nan nan nan nan nan nan nan nan nan nan nan nan nan nan nan nan nan nan nan nan nan
4.4400 4.4100 4.3900 4.4000 4.3700 4.4000 4.4300 4.4300 4.4500 4.4500 4.4600 4.4700 4.4800 nan nan 4.4700 4.4800 4.4900 4.4800 4.4800 4.4900 nan nan nan nan nan nan 4.5200 nan nan nan nan nan nan nan nan nan nan nan nan nan nan nan nan nan nan nan nan nan nan nan nan nan nan nan nan nan nan nan nan nan nan nan nan nan nan nan nan nan nan nan
4.4500 4.4200 4.4100 4.4200 4.3600 4.3800 4.4000 4.4100 4.4200 4.4300 4.4400 4.4500 4.4500 4.4400 4.4600 4.4800 4.4800 4.4800 4.4900 4.4900 4.4900 nan nan nan nan nan 4.5200 4.5200 4.5300 4.5400 4.5400 4.5500 4.5700 4.5900 nan nan nan nan nan nan nan nan nan nan nan nan nan nan nan nan nan nan nan nan nan nan nan nan nan nan nan nan nan nan nan nan nan nan nan nan nan
4.4300 4.3900 4.4000 4.3900 4.3800 4.3800 4.3900 4.4000 4.4100 4.4200 4.4300 4.4400 4.4100 4.4400 4.4300 4.4600 4.4700 4.4700 4.4800 4.4800 nan nan nan 4.4900 4.5000 4.5000 4.5200 4.5300 4.5300 4.5500 4.5600 4.5700 4.5700 4.5900 nan nan nan nan nan nan nan nan nan nan nan nan nan nan nan nan nan nan nan nan nan nan nan nan nan nan nan nan nan nan nan nan nan nan nan nan nan
4.4300 4.4100 4.3800 4.3600 4.3600 4.3800 4.3800 4.3900 4.3900 4.3900 4.4200 4.4300 4.4200 4.4900 4.4600 4.4600 4.4600 4.4700 4.4800 4.4800 4.4800 nan 4.4800 4.4900 4.5100 4.5200 4.5100 4.5200 4.5400 4.5500 4.5500 4.5600 4.5800 nan nan nan nan nan nan nan nan nan nan nan nan nan nan nan nan nan nan nan nan nan nan nan nan nan nan nan nan nan nan nan nan nan nan nan nan nan nan
4.3900 4.3900 4.3700 4.3700 4.3400 4.3600 4.3800 4.3800 4.3800 4.4400 4.4000 4.4300 4.4500 4.4500 4.4500 4.4600 4.4700 4.4700 4.4700 4.4800 4.4800 4.4900 4.4900 4.5000 4.5000 4.5000 4.5200 4.5300 4.5300 4.5400 4.5600 4.5700 4.5800 4.5900 nan nan nan nan nan nan nan nan nan nan nan nan nan nan nan nan nan nan nan nan nan nan nan nan nan nan nan nan nan nan nan nan nan nan nan nan nan
4.3800 4.3800 4.3400 4.4000 4.3000 4.3400 4.3800 4.3800 4.3900 4.3400 4.4200 4.4300 4.4500 4.4500 4.4500 4.4600 4.4700 4.4600 4.4700 4.4800 4.4800 4.4900 4.4900 4.4900 4.4900 4.5100 4.5200 4.5200 4.5300 4.5400 4.5500 4.5600 4.5800 4.5900 nan nan nan nan nan nan nan nan nan nan nan nan nan nan nan nan nan nan nan nan nan nan nan nan nan nan nan nan nan nan nan nan nan nan nan nan nan
4.4200 4.4000 4.4300 4.4100 4.3700 4.3600 4.3700 4.3600 4.4200 4.3600 4.4100 4.4300 4.4400 4.4500 4.4500 4.4600 4.4600 4.4600 4.4700 4.4700 4.4800 4.4800 4.4900 4.4900 4.5000 4.5000 4.5100 4.5200 4.5200 4.5300 4.5500 4.5500 4.5700 4.5800 nan nan nan nan nan nan nan nan nan nan nan nan nan nan nan nan nan nan nan nan nan nan nan nan nan nan nan nan nan nan nan nan nan nan nan nan nan
4.3900 4.3700 4.3500 4.3400 4.3500 4.3600 4.3700 4.4100 4.4000 4.4100 4.4200 4.4300 4.4400 4.4500 4.4500 4.4600 4.4700 4.4700 4.4700 4.4700 4.4800 4.4800 4.4900 4.5000 4.5000 4.5100 4.5100 4.5100 4.5200 4.5300 4.5400 4.5500 4.5600 4.5800 nan nan nan nan nan nan nan nan nan nan nan nan nan nan nan nan nan nan nan nan nan nan nan nan nan nan nan nan nan nan nan nan nan nan nan nan nan
4.3900 4.3400 4.3200 4.3400 4.3400 4.3400 4.3800 4.3800 4.4000 4.4100 4.4200 4.4300 4.4300 4.4500 4.4700 4.4700 4.4700 4.4700 4.4800 4.4700 4.4800 4.4800 4.4900 4.5000 4.5000 4.5100 4.5200 4.5200 4.5200 4.5300 4.5300 4.5300 4.5500 4.5700 4.5800 nan nan nan nan nan nan nan nan nan nan nan nan nan nan nan nan nan nan nan nan nan nan nan nan nan nan nan nan nan nan nan nan nan nan nan nan
4.4400 4.2800 4.3300 4.3700 4.2800 4.3100 4.3400 4.3700 4.3900 4.4000 4.4200 4.4300 4.4300 4.4600 4.4600 4.4700 4.4700 4.4700 4.4800 4.4800 4.4700 4.4900 4.4800 4.4900 4.5000 4.5100 4.5200 4.5200 4.5200 4.5300 4.5300 4.5400 4.5500 4.5500 4.5700 4.5900 nan nan nan nan nan nan nan nan nan nan nan nan nan nan nan nan nan nan nan nan nan nan nan nan nan nan nan nan nan nan nan nan nan nan nan
4.4400 4.4200 4.4200 4.4000 4.2400 4.3000 4.3500 4.3900 4.4100 4.4100 4.4200 4.4300 4.4400 4.4600 4.4600 4.4700 4.4700 4.4700 4.4700 4.4800 4.4900 4.4900 4.4900 4.4900 4.4900 4.5000 4.5100 4.5200 4.5200 4.5200 4.5300 4.5300 4.5200 4.5500 4.5600 nan nan nan nan nan nan nan nan nan nan nan nan nan nan nan nan nan nan nan nan nan nan nan nan nan nan nan nan nan nan nan nan nan nan nan nan
4.4100 4.4200 4.4800 4.4500 4.3500 4.3200 4.3800 4.4000 4.4200 4.4200 4.4300 4.4400 4.4500 4.4600 4.4600 4.4700 4.4700 4.4700 4.4700 4.4800 4.4800 4.4700 4.4600 4.4900 4.4900 4.5000 4.5100 4.5100 4.5100 4.5100 4.5100 4.5200 4.5200 4.5400 4.5500 nan nan nan nan nan nan nan nan nan nan nan nan nan nan nan nan nan nan nan nan nan nan nan nan nan nan nan nan nan nan nan nan nan nan nan nan
4.4200 4.3400 4.4400 4.3900 4.4000 4.3800 4.4000 4.4100 4.4300 4.4300 4.4400 4.4400 4.4500 4.4600 4.4600 4.4700 4.4700 4.4700 4.4700 4.4700 4.4800 4.4800 4.4800 4.4700 4.4900 4.5000 4.5100 4.5100 4.5100 4.5300 4.5100 4.5100 4.5000 4.5300 4.5500 4.5500 nan nan nan nan nan nan nan nan nan nan nan nan nan nan nan nan nan nan nan nan nan nan nan nan nan nan nan nan nan nan nan nan nan nan nan
4.4200 4.4500 4.4000 4.3900 4.4100 4.3900 4.4200 4.4300 4.4400 4.4500 4.4500 4.4400 4.4600 4.4600 4.4600 4.4600 4.4700 4.4700 4.4700 4.4600 4.4700 4.4800 4.4700 4.4900 4.5000 4.5100 4.5200 4.5200 4.5100 4.5200 4.5200 4.5000 4.5100 4.5200 4.5200 4.5300 4.5400 4.5500 4.5500 4.5500 nan nan nan nan nan nan nan nan nan nan nan nan nan nan nan nan nan nan nan nan nan nan nan nan nan nan nan nan nan nan nan
4.5000 4.5300 4.5100 4.4600 4.4200 4.4300 4.4400 4.4400 4.4400 4.4500 4.4500 4.4500 4.4500 4.4600 4.4600 4.4700 4.4700 4.4700 4.4900 4.4700 4.4600 4.4700 4.4800 4.4900 4.4900 4.5000 4.5000 4.5100 4.5000 4.5000 4.5000 4.4900 4.5000 4.5100 4.5200 4.5300 4.5300 4.5300 4.5400 4.5400 nan nan nan nan nan nan nan nan nan nan nan nan nan nan nan nan nan nan nan nan nan nan nan nan nan nan nan nan nan nan nan
4.4900 4.4700 4.4700 4.4600 4.4400 4.4400 4.4500 4.4500 4.4500 4.4500 4.4600 4.4500 4.4600 4.4700 4.4600 4.4700 4.4700 4.4700 4.4700 4.4800 4.4700 4.4600 4.4500 4.4700 4.4900 4.4900 4.4900 4.5000 4.5000 4.5000 4.4900 4.4900 4.5100 4.5100 4.5100 4.5200 4.5200 4.5200 4.5300 4.5400 nan nan nan nan nan nan nan nan nan nan nan nan nan nan nan nan nan nan nan nan nan nan nan nan nan nan nan nan nan nan nan
4.4800 4.4800 4.4700 4.4600 4.4500 4.4500 4.4600 4.4600 4.4600 4.4500 4.4600 4.4600 4.4600 4.4700 4.4600 4.4600 4.4700 4.4700 4.4700 4.4700 4.4800 4.4700 4.4800 4.4500 4.4700 4.4900 4.4900 4.4900 4.5000 4.4900 4.4900 4.4900 4.4900 4.5100 4.5100 4.5100 4.5100 4.5200 4.5200 4.5300 nan nan nan nan nan nan nan nan nan nan nan nan nan nan nan nan nan nan nan nan nan nan nan nan nan nan nan nan nan nan nan
4.4800 4.4700 4.4700 4.4500 4.4500 4.4600 4.4600 4.4600 4.4700 4.4700 4.4600 4.4700 4.4700 4.4700 4.4600 4.4600 4.4600 4.4900 4.4600 4.4700 4.4700 4.4700 4.4800 4.4700 4.4700 4.4800 4.4800 4.4900 4.4900 4.4900 4.4800 4.4900 4.4900 4.5000 4.5000 4.5000 4.5100 4.5200 4.5300 4.5300 nan nan nan nan nan 4.5600 nan nan nan nan nan nan nan nan nan nan nan nan nan nan nan nan nan nan nan nan nan nan nan nan nan
4.4900 4.4600 4.4600 4.4700 4.4600 4.4600 4.4700 4.4600 4.4700 4.4700 4.4700 4.4600 4.4700 4.4700 4.4600 4.4600 4.4600 4.4700 4.4800 4.4700 4.4700 4.4700 4.4700 4.4600 4.4700 4.4700 4.4700 4.4700 4.4700 4.4700 4.4700 4.4800 4.4800 4.4900 4.4900 4.5000 4.5100 4.5100 4.5200 4.5300 4.5400 4.5400 4.5400 4.5500 4.5400 4.5400 4.5400 4.5400 4.5300 nan nan nan nan nan nan nan nan nan nan nan nan nan nan nan nan nan nan nan nan nan nan
