problem/maps/Monagas.asc
NCOLS 249
NROWS 232
XLLCORNER -64.0666667063
YLLCORNER 8.3833332998
CELLSIZE 0.008333
NODATA_VALUE nan
[rows 33 to 65 of 232, columns 150 to 224 of 249]
nan nan nan 4.1900 4.1900 4.1900 4.1900 4.1900 4.1900 4.2000 4.2000 4.2100 4.2200 4.2300 4.2300 4.2400 4.2400 4.2500 4.2600 4.2700 4.2800 4.2900 4.3000 4.3000 4.3100 4.3200 4.3300 4.3400 4.3400 4.3500 4.3600 4.3700 4.3800 4.3900 4.4000 4.4100 4.4200 4.4200 4.4200 4.4200 4.4200 4.4300 4.4400 4.4500 4.4500 4.4600 4.4700 nan nan nan nan nan nan nan nan nan nan nan nan nan nan nan nan nan nan nan nan nan nan nan nan nan nan nan nan
4.2000 nan 4.1900 4.1800 4.1800 4.1800 4.1800 4.1800 4.1800 4.1900 4.2000 4.2100 4.2100 4.2200 4.2300 4.2300 4.2400 4.2500 4.2600 4.2600 4.2700 4.2800 4.2900 4.3000 4.3000 4.3100 4.3200 4.3300 4.3400 4.3400 4.3500 4.3600 4.3700 4.3800 4.3900 4.4000 4.4100 4.4100 4.4100 4.4100 4.4100 4.4200 4.4200 4.4300 4.4400 4.4500 4.4500 nan nan nan nan nan nan nan nan nan nan nan nan nan nan nan nan nan nan nan nan nan nan nan nan nan nan nan nan
4.1900 4.1900 4.1800 4.1800 4.1700 4.1700 4.1700 4.1700 4.1700 4.1800 4.1900 4.2000 4.2100 4.2200 4.2200 4.2300 4.2400 4.2400 4.2500 4.2600 4.2700 4.2800 4.2800 4.2900 4.3000 4.3000 4.3100 4.3200 4.3300 4.3400 4.3400 4.3500 4.3600 4.3700 4.3800 4.4000 4.4000 4.4000 4.3900 4.3900 4.3900 4.4000 4.4100 4.4100 4.4200 4.4300 4.4400 nan nan nan nan nan nan nan nan nan nan nan nan nan nan nan nan nan nan nan nan nan nan nan nan nan nan nan nan
4.1900 4.1800 4.1800 4.1700 4.1700 4.1700 4.1700 4.1600 4.1700 4.1800 4.1900 4.2000 4.2000 4.2100 4.2100 4.2200 4.2300 4.2400 4.2400 4.2500 4.2600 4.2700 4.2700 4.2800 4.2800 4.2900 4.3000 4.3100 4.3100 4.3200 4.3300 4.3400 4.3500 4.3600 4.3700 4.3800 4.3900 4.3800 4.3800 4.3800 4.3800 4.3900 4.3900 4.4000 4.4100 4.4200 4.4200 4.4300 nan nan nan nan nan nan nan nan nan nan nan nan nan nan nan nan nan nan nan nan nan nan nan nan nan nan nan
4.1800 4.1800 4.1700 4.1700 4.1700 4.1700 4.1600 4.1600 4.1600 4.1700 4.1800 4.1900 4.2000 4.2000 4.2000 4.2100 4.2200 4.2200 4.2300 4.2400 4.2400 4.2500 4.2600 4.2600 4.2700 4.2700 4.2800 4.2800 4.2900 4.3000 4.3100 4.3200 4.3300 4.3400 4.3500 4.3600 4.3700 4.3700 4.3700 4.3700 4.3800 4.3800 4.3900 4.3900 4.4000 4.4100 4.4100 4.4200 4.4300 4.4200 nan nan nan nan nan nan nan nan nan nan nan nan nan nan nan nan nan nan nan nan nan nan nan nan nan
4.1700 4.1700 4.1600 4.1600 4.1600 4.1600 4.1600 4.1600 4.1600 4.1700 4.1800 4.1800 4.1900 4.1900 4.2000 4.2000 4.2100 4.2100 4.2200 4.2300 4.2300 4.2400 4.2400 4.2400 4.2500 4.2500 4.2600 4.2600 4.2700 4.2800 4.2900 4.3000 4.3200 4.3200 4.3300 4.3400 4.3500 4.3600 4.3600 4.3700 4.3700 4.3800 4.3800 4.3900 4.3900 4.4000 4.4000 4.4100 4.4100 4.4100 4.4000 nan nan nan nan nan nan nan nan nan nan nan nan nan nan nan nan nan nan nan nan nan nan nan nan
4.1700 4.1600 4.1600 4.1500 4.1500 4.1600 4.1600 4.1600 4.1600 4.1700 4.1700 4.1800 4.1800 4.1800 4.1900 4.1900 4.2000 4.2000 4.2100 4.2100 4.2200 4.2200 4.2200 4.2300 4.2300 4.2400 4.2400 4.2400 4.2500 4.2600 4.2800 4.2900 4.3000 4.3100 4.3200 4.3200 4.3300 4.3400 4.3500 4.3600 4.3700 4.3700 4.3800 4.3800 4.3800 4.3900 4.3900 4.4000 4.4000 4.4000 4.3900 4.3900 4.3800 nan nan nan nan nan nan nan nan nan nan nan nan nan nan nan nan nan nan nan nan nan nan
4.1600 4.1600 4.1500 4.1500 4.1500 4.1500 4.1600 4.1600 4.1600 4.1600 4.1700 4.1700 4.1800 4.1800 4.1800 4.1800 4.1900 4.2000 4.2000 4.2100 4.2100 4.2100 4.2200 4.2200 4.2200 4.2200 4.2300 4.2300 4.2400 4.2500 4.2600 4.2800 4.2900 4.3000 4.3100 4.3200 4.3200 4.3400 4.3500 4.3600 4.3700 4.3700 4.3800 4.3800 4.3800 4.3900 4.3900 4.3900 4.4000 4.3900 4.3800 4.3800 4.3700 4.3500 nan nan nan nan nan nan nan nan nan nan nan nan nan nan nan nan nan nan nan nan nan
4.1600 4.1600 4.1500 4.1500 4.1500 4.1500 4.1600 4.1600 4.1600 4.1600 4.1700 4.1700 4.1800 4.1800 4.1800 4.1800 4.1900 4.1900 4.2000 4.2000 4.2100 4.2100 4.2200 4.2200 4.2200 4.2200 4.2300 4.2300 4.2400 4.2500 4.2600 4.2800 4.2900 4.3000 4.3000 4.3100 4.3200 4.3300 4.3400 4.3600 4.3700 4.3700 4.3700 4.3800 4.3800 4.3900 4.3900 4.3900 4.3900 4.3900 4.3800 4.3700 4.3500 4.3400 nan nan nan nan nan nan nan nan nan nan nan nan nan nan nan nan nan nan nan nan nan
4.1600 4.1600 4.1500 4.1500 4.1500 4.1500 4.1600 4.1600 4.1600 4.1600 4.1700 4.1700 4.1700 4.1800 4.1800 4.1800 4.1900 4.1900 4.2000 4.2000 4.2100 4.2100 4.2100 4.2200 4.2200 4.2200 4.2200 4.2300 4.2400 4.2500 4.2600 4.2700 4.2800 4.2900 4.3000 4.3100 4.3200 4.3300 4.3400 4.3600 4.3600 4.3700 4.3700 4.3800 4.3800 4.3900 4.3900 4.3900 4.3900 4.3800 4.3700 4.3600 4.3400 4.3200 nan nan nan nan nan nan nan nan nan nan nan nan nan nan nan nan nan nan nan nan nan
4.1600 4.1600 4.1500 4.1500 4.1500 4.1500 4.1500 4.1500 4.1600 4.1600 4.1700 4.1700 4.1700 4.1800 4.1800 4.1800 4.1900 4.1900 4.2000 4.2000 4.2000 4.2100 4.2100 4.2100 4.2200 4.2200 4.2200 4.2300 4.2300 4.2500 4.2600 4.2700 4.2800 4.2900 4.3000 4.3100 4.3200 4.3300 4.3400 4.3500 4.3600 4.3600 4.3700 4.3800 4.3800 4.3900 4.3900 4.3900 4.3900 4.3800 4.3700 4.3600 4.3400 4.3100 nan nan nan nan nan nan nan nan nan nan nan nan nan nan nan nan nan nan nan nan nan
4.1600 4.1600 4.1600 4.1500 4.1500 4.1500 4.1600 4.1500 4.1600 4.1600 4.1600 4.1700 4.1700 4.1700 4.1800 4.1800 4.1800 4.1900 4.1900 4.2000 4.2000 4.2000 4.2100 4.2100 4.2200 4.2200 4.2200 4.2200 4.2300 4.2400 4.2600 4.2700 4.2800 4.2800 4.2900 4.3000 4.3100 4.3200 4.3400 4.3500 4.3600 4.3600 4.3600 4.3700 4.3700 4.3800 4.3800 4.3800 4.3800 4.3700 4.3500 4.3400 4.3200 4.2900 nan nan nan nan nan nan nan nan nan nan nan nan nan nan nan nan nan nan nan nan nan
4.1700 4.1700 4.1600 4.1600 4.1600 4.1600 4.1600 4.1600 4.1600 4.1600 4.1600 4.1700 4.1700 4.1700 4.1800 4.1800 4.1800 4.1800 4.1900 4.1900 4.2000 4.2000 4.2000 4.2100 4.2200 4.2200 4.2200 4.2200 4.2300 4.2400 4.2500 4.2600 4.2700 4.2800 4.2800 4.2900 4.3000 4.3100 4.3200 4.3300 4.3400 4.3400 4.3500 4.3500 4.3500 4.3500 4.3500 4.3600 4.3500 4.3400 4.3300 4.3200 4.3000 4.2800 nan nan nan nan nan nan nan nan nan nan nan nan nan nan nan nan nan nan nan nan nan
4.1800 4.1800 4.1700 4.1700 4.1600 4.1600 4.1600 4.1600 4.1600 4.1600 4.1600 4.1600 4.1700 4.1700 4.1700 4.1700 4.1800 4.1800 4.1800 4.1900 4.1900 4.2000 4.2000 4.2100 4.2100 4.2200 4.2200 4.2200 4.2200 4.2300 4.2400 4.2500 4.2600 4.2600 4.2700 4.2800 4.2800 4.3000 4.3000 4.3200 4.3200 4.3300 4.3300 4.3300 4.3300 4.3300 4.3400 4.3300 4.3300 4.3200 4.3000 4.2900 4.2800 4.2600 nan nan nan nan nan nan nan nan nan nan nan nan nan nan nan nan nan nan nan nan nan
4.1900 4.1800 4.1800 4.1700 4.1700 4.1700 4.1600 4.1600 4.1600 4.1600 4.1600 4.1600 4.1600 4.1700 4.1700 4.1700 4.1700 4.1800 4.1800 4.1800 4.1900 4.2000 4.2000 4.2000 4.2100 4.2100 4.2200 4.2200 4.2200 4.2300 4.2400 4.2400 4.2500 4.2500 4.2600 4.2600 4.2700 4.2800 4.2900 4.3000 4.3100 4.3100 4.3100 4.3100 4.3100 4.3100 4.3100 4.3100 4.3000 4.2900 4.2800 4.2600 4.2500 4.2400 nan nan nan nan nan nan nan nan nan nan nan nan nan nan nan nan nan nan nan nan nan
4.2000 4.1900 4.1900 4.1800 4.1800 4.1700 4.1700 4.1600 4.1600 4.1600 4.1600 4.1700 4.1700 4.1700 4.1700 4.1700 4.1700 4.1800 4.1800 4.1800 4.1900 4.2000 4.2000 4.2100 4.2100 4.2100 4.2200 4.2200 4.2200 4.2300 4.2300 4.2300 4.2400 4.2400 4.2500 4.2500 4.2600 4.2700 4.2800 4.2800 4.2900 4.2900 4.2900 4.2900 4.2900 4.2900 4.2900 4.2900 4.2800 4.2700 4.2600 4.2500 4.2400 4.2300 nan nan nan nan nan nan nan nan nan nan nan nan nan nan nan nan nan nan nan nan nan
4.2000 4.2000 4.2000 4.1900 4.1900 4.1800 4.1700 4.1700 4.1700 4.1700 4.1700 4.1700 4.1700 4.1800 4.1800 4.1800 4.1800 4.1800 4.1800 4.1900 4.1900 4.2000 4.2000 4.2100 4.2200 4.2200 4.2200 4.2200 4.2200 4.2300 4.2300 4.2300 4.2300 4.2400 4.2400 4.2500 4.2500 4.2600 4.2600 4.2700 4.2700 4.2700 4.2700 4.2700 4.2700 4.2700 4.2700 4.2700 4.2600 4.2500 4.2400 4.2300 4.2200 4.2200 nan nan nan nan nan nan nan nan nan nan nan nan nan nan nan nan nan nan nan nan nan
4.2000 4.2000 4.2000 4.2000 4.1900 4.1900 4.1800 4.1800 4.1800 4.1800 4.1800 4.1800 4.1800 4.1800 4.1800 4.1800 4.1800 4.1900 4.1900 4.1900 4.2000 4.2000 4.2100 4.2200 4.2200 4.2200 4.2200 4.2300 4.2300 4.2300 4.2200 4.2200 4.2300 4.2300 4.2300 4.2400 4.2400 4.2500 4.2500 4.2500 4.2500 4.2600 4.2500 4.2500 4.2400 4.2500 4.2500 4.2500 4.2400 4.2400 4.2300 4.2200 4.2100 4.2000 nan nan nan nan nan nan nan nan nan nan nan nan nan nan nan nan nan nan nan nan nan
4.2100 4.2100 4.2100 4.2000 4.2000 4.2000 4.1900 4.1900 4.1800 4.1800 4.1800 4.1900 4.1900 4.1900 4.1900 4.1900 4.1900 4.1900 4.1900 4.2000 4.2000 4.2100 4.2100 4.2200 4.2200 4.2300 4.2300 4.2300 4.2300 4.2200 4.2200 4.2200 4.2200 4.2200 4.2300 4.2300 4.2300 4.2300 4.2400 4.2400 4.2400 4.2400 4.2300 4.2200 4.2200 4.2200 4.2300 4.2300 4.2300 4.2200 4.2100 4.2100 4.2000 4.2000 nan nan nan nan nan nan nan nan nan nan nan nan nan nan nan nan nan nan nan nan nan
4.2200 4.2100 4.2100 4.2100 4.2100 4.2000 4.2000 4.1900 4.1900 4.1900 4.1900 4.1900 4.2000 4.2000 4.2000 4.1900 4.1900 4.2000 4.2000 4.2000 4.2000 4.2100 4.2200 4.2200 4.2300 4.2300 4.2300 4.2300 4.2300 4.2200 4.2200 4.2200 4.2200 4.2200 4.2200 4.2200 4.2300 4.2300 4.2300 4.2300 4.2200 4.2200 4.2200 4.2100 4.2100 4.2100 4.2100 4.2200 4.2200 4.2100 4.2000 4.2000 4.2000 4.1900 nan nan nan nan nan nan nan nan nan nan nan nan nan nan nan nan nan nan nan nan nan
4.2200 4.2200 4.2100 4.2100 4.2100 4.2100 4.2000 4.2000 4.2000 4.2000 4.2000 4.2000 4.2000 4.2000 4.2000 4.2000 4.2000 4.2000 4.2000 4.2100 4.2100 4.2100 4.2200 4.2200 4.2300 4.2300 4.2200 4.2300 4.2200 4.2200 4.2200 4.2200 4.2200 4.2200 4.2200 4.2200 4.2200 4.2200 4.2200 4.2200 4.2200 4.2200 4.2100 4.2100 4.2100 4.2100 4.2100 4.2100 4.2100 4.2100 4.2000 4.2000 4.2000 4.1900 nan nan nan nan nan nan nan nan nan nan nan nan nan nan nan nan nan nan nan nan nan
4.2200 4.2200 4.2200 4.2200 4.2100 4.2100 4.2100 4.2100 4.2100 4.2100 4.2100 4.2100 4.2100 4.2100 4.2100 4.2100 4.2100 4.2100 4.2100 4.2100 4.2100 4.2200 4.2200 4.2200 4.2200 4.2200 4.2200 4.2200 4.2200 4.2200 4.2200 4.2200 4.2200 4.2200 4.2200 4.2100 4.2100 4.2100 4.2100 4.2100 4.2100 4.2100 4.2000 4.2000 4.2000 4.2000 4.2000 4.2000 4.2000 4.2000 4.2000 4.2000 4.2000 4.2000 nan nan nan nan nan nan nan nan nan nan nan nan nan nan nan nan nan nan nan nan nan
4.2200 4.2200 4.2200 4.2200 4.2200 4.2200 4.2200 4.2200 4.2200 4.2200 4.2200 4.2200 4.2200 4.2200 4.2200 4.2200 4.2200 4.2200 4.2200 4.2200 4.2200 4.2200 4.2200 4.2200 4.2200 4.2200 4.2200 4.2200 4.2200 4.2200 4.2200 4.2200 4.2200 4.2100 4.2100 4.2100 4.2000 4.2000 4.2000 4.2000 4.2000 4.2000 4.2000 4.2000 4.2000 4.2000 4.2000 4.1900 4.2000 4.2000 4.2000 4.2000 4.2000 4.2000 nan nan nan nan nan nan nan nan nan nan nan nan nan nan nan nan nan nan nan nan nan
4.2200 4.2200 4.2200 4.2200 4.2200 4.2200 4.2200 4.2200 4.2300 4.2300 4.2300 4.2300 4.2300 4.2200 4.2200 4.2200 4.2200 4.2200 4.2200 4.2300 4.2300 4.2200 4.2200 4.2200 4.2200 4.2200 4.2200 4.2200 4.2200 4.2200 4.2200 4.2200 4.2200 4.2100 4.2100 4.2100 4.2000 4.2000 4.2000 4.2000 4.2000 4.2000 4.1900 4.1900 4.1900 4.1900 4.1900 4.1900 4.1900 4.2000 4.2000 4.2000 4.2000 4.2000 nan nan nan nan nan nan nan nan nan nan nan nan nan nan nan nan nan nan nan nan nan
4.2200 4.2300 4.2300 4.2300 4.2300 4.2300 4.2300 4.2300 4.2300 4.2300 4.2300 4.2300 4.2300 4.2300 4.2300 4.2300 4.2200 4.2300 4.2300 4.2300 4.2300 4.2300 4.2200 4.2200 4.2300 4.2200 4.2200 4.2200 4.2200 4.2200 4.2200 4.2200 4.2200 4.2100 4.2100 4.2000 4.2000 4.2000 4.2000 4.2000 4.2000 4.2000 4.1900 4.1900 4.1900 4.1900 4.1900 4.1900 4.1900 4.2000 4.2000 4.2000 4.2000 4.2000 4.2000 nan nan nan nan nan nan nan nan nan nan nan nan nan nan nan nan nan nan nan nan
4.2300 4.2300 4.2300 4.2300 4.2300 4.2300 4.2300 4.2300 4.2300 4.2300 4.2300 4.2300 4.2300 4.2300 4.2300 4.2300 4.2300 4.2300 4.2300 4.2300 4.2300 4.2300 4.2300 4.2300 4.2300 4.2200 4.2200 4.2200 4.2200 4.2200 4.2200 4.2200 4.2200 4.2100 4.2100 4.2000 4.2000 4.2000 4.2000 4.2000 4.2000 4.2000 4.1900 4.1900 4.1900 4.1900 4.1900 4.1900 4.1900 4.1900 4.2000 4.2000 4.2000 4.2000 4.2000 nan nan nan nan nan nan nan nan nan nan nan nan nan nan nan nan nan nan nan nan
4.2300 4.2400 4.2400 4.2400 4.2400 4.2400 4.2400 4.2400 4.2400 4.2400 4.2300 4.2300 4.2300 4.2300 4.2300 4.2300 4.2300 4.2300 4.2300 4.2300 4.2300 4.2300 4.2300 4.2300 4.2300 4.2300 4.2200 4.2200 4.2200 4.2200 4.2200 4.2200 4.2200 4.2100 4.2100 4.2000 4.2000 4.2000 4.2000 4.2000 4.2000 4.2000 4.1900 4.1900 4.1900 4.1900 4.1900 4.1900 4.1900 4.1900 4.2000 4.2000 4.2000 4.2000 4.2000 nan nan nan nan nan nan nan nan nan nan nan nan nan nan nan nan nan nan nan nan
4.2400 4.2400 4.2400 4.2400 4.2400 4.2400 4.2400 4.2400 4.2400 4.2400 4.2400 4.2300 4.2300 4.2300 4.2300 4.2300 4.2300 4.2300 4.2300 4.2300 4.2300 4.2300 4.2300 4.2300 4.2300 4.2300 4.2300 4.2200 4.2200 4.2200 4.2200 4.2200 4.2200 4.2100 4.2100 4.2000 4.2000 4.2000 4.2000 4.2000 4.2000 4.2000 4.1900 4.1900 4.1900 4.1900 4.1900 4.1900 4.1900 4.1900 4.2000 4.2000 4.2000 4.2000 4.2000 4.2000 nan nan nan nan nan nan nan nan nan nan nan nan nan nan nan nan nan nan nan
4.2400 4.2400 4.2500 4.2500 4.2500 4.2500 4.2400 4.2400 4.2400 4.2400 4.2400 4.2300 4.2300 4.2300 4.2300 4.2300 4.2300 4.2300 4.2300 4.2300 4.2300 4.2300 4.2300 4.2300 4.2300 4.2300 4.2300 4.2200 4.2200 4.2200 4.2200 4.2200 4.2200 4.2100 4.2100 4.2000 4.2000 4.2000 4.2000 4.2000 4.2000 4.2000 4.2000 4.1900 4.1900 4.1900 4.1900 4.1900 4.1900 4.2000 4.2000 4.2000 4.2000 4.2100 4.2000 4.2100 4.2000 nan nan nan nan nan nan nan nan nan nan nan nan nan nan nan nan nan nan
4.2500 4.2500 4.2500 4.2500 4.2500 4.2500 4.2500 4.2400 4.2400 4.2400 4.2400 4.2300 4.2300 4.2300 4.2300 4.2300 4.2300 4.2300 4.2300 4.2300 4.2300 4.2300 4.2300 4.2300 4.2300 4.2300 4.2300 4.2300 4.2200 4.2200 4.2200 4.2200 4.2200 4.2100 4.2000 4.2000 4.2000 4.2000 4.2000 4.2000 4.2000 4.2000 4.1900 4.1900 4.1900 4.1900 4.1900 4.1900 4.1900 4.2000 4.2000 4.2000 4.2100 4.2100 4.2100 4.2100 4.2100 4.2000 4.1900 nan nan nan nan nan nan nan nan nan nan nan nan nan nan nan nan
4.2600 4.2600 4.2600 4.2600 4.2600 4.2500 4.2500 4.2400 4.2400 4.2400 4.2400 4.2300 4.2300 4.2300 4.2300 4.2300 4.2300 4.2300 4.2300 4.2300 4.2300 4.2300 4.2300 4.2300 4.2300 4.2300 4.2300 4.2300 4.2200 4.2200 4.2200 4.2200 4.2200 4.2100 4.2000 4.2000 4.2000 4.2000 4.2000 4.2000 4.2000 4.2000 4.1900 4.2000 4.2000 4.2000 4.2000 4.2000 4.2000 4.2000 4.2000 4.2000 4.2100 4.2100 4.2100 4.2100 4.2100 4.2000 4.1900 4.1900 nan nan nan nan nan nan nan nan nan nan nan nan nan nan nan
4.2600 4.2600 4.2600 4.2600 4.2600 4.2500 4.2500 4.2500 4.2400 4.2400 4.2400 4.2300 4.2300 4.2300 4.2300 4.2300 4.2300 4.2300 4.2300 4.2300 4.2300 4.2300 4.2300 4.2300 4.2300 4.2300 4.2300 4.2200 4.2200 4.2200 4.2200 4.2200 4.2100 4.2100 4.2000 4.2000 4.2000 4.2000 4.2000 4.2000 4.2000 4.2000 4.2000 4.2000 4.2000 4.2000 4.2000 4.2000 4.2000 4.2000 4.2100 4.2100 4.2100 4.2100 4.2100 4.2100 4.2100 4.2000 4.1900 4.1800 4.1800 nan nan nan nan nan nan nan nan nan nan nan nan nan nan
4.2700 4.2700 4.2600 4.2600 4.2600 4.2600 4.2500 4.2500 4.2500 4.2400 4.2400 4.2400 4.2300 4.2300 4.2300 4.2300 4.2300 4.2300 4.2300 4.2300 4.2300 4.2300 4.2300 4.2300 4.2300 4.2300 4.2200 4.2200 4.2200 4.2100 4.2100 4.2100 4.2100 4.2000 4.2000 4.1900 4.1900 4.1900 4.2000 4.2000 4.2000 4.2000 4.2000 4.2000 4.2000 4.2100 4.2100 4.2100 4.2100 4.2100 4.2100 4.2200 4.2200 4.2100 4.2100 4.2100 4.2000 4.2000 4.1900 4.1800 4.1800 nan nan nan nan nan nan nan nan nan nan nan nan nan nan
