problem/maps/Nueva_Esparta.asc
NCOLS 77
NROWS 55
XLLCORNER -64.4166667049
YLLCORNER 10.7249999571
CELLSIZE 0.008333
NODATA_VALUE nan
[rows 0 to 44 of 55, columns 0 to 76 of 77]
nan nan nan nan nan nan nan nan nan nan nan nan nan nan nan nan nan nan nan nan nan nan nan nan nan nan nan nan nan nan nan nan nan nan nan nan nan nan nan nan nan nan nan nan nan nan nan nan nan nan nan nan nan nan nan nan nan nan nan nan nan nan nan nan nan nan nan nan nan nan nan nan nan nan nan nan nan
nan nan nan nan nan nan nan nan nan nan nan nan nan nan nan nan nan nan nan nan nan nan nan nan nan nan nan nan nan nan nan nan nan nan nan nan nan nan nan nan nan nan nan nan nan nan nan nan nan nan nan nan nan nan nan nan nan nan nan nan nan nan nan 4.9500 nan nan nan nan nan nan nan nan nan nan nan nan nan
nan nan nan nan nan nan nan nan nan nan nan nan nan nan nan nan nan nan nan nan nan nan nan nan nan nan nan nan nan nan nan nan nan nan nan nan nan nan nan nan nan nan nan nan nan nan nan nan nan nan nan nan nan nan nan nan nan nan nan nan nan nan 4.9300 4.9100 nan nan nan nan nan nan nan nan nan nan nan nan nan
nan nan nan nan nan nan nan nan nan nan nan nan nan nan nan nan nan nan nan nan nan nan nan nan nan nan nan nan nan nan nan nan nan nan nan nan nan nan nan nan nan nan nan nan nan nan nan nan nan nan nan nan nan nan nan nan nan nan nan nan nan nan 4.8900 4.8600 nan nan nan nan nan nan nan nan nan nan nan nan nan
nan nan nan nan nan nan nan nan nan nan nan nan nan nan nan nan nan nan nan nan nan nan nan nan nan nan nan nan nan nan nan nan nan nan nan nan nan nan nan nan nan nan nan nan nan nan nan nan nan nan nan nan nan nan nan nan nan nan nan nan nan 4.8800 4.8600 4.8100 4.8200 nan nan nan nan nan nan nan nan nan nan nan nan
nan nan nan nan nan nan nan nan nan nan nan nan nan nan nan nan nan nan nan nan nan nan nan nan nan nan nan nan nan nan nan nan nan nan nan nan nan nan nan nan nan nan nan nan nan nan nan nan nan nan nan nan nan nan nan nan nan nan nan nan 4.8900 4.8300 4.8900 4.8200 4.8100 4.8300 nan nan nan nan nan nan nan nan nan nan nan
nan nan nan nan nan nan nan nan nan nan nan nan nan nan nan nan nan nan nan nan nan nan nan nan nan nan nan nan nan nan nan nan nan nan nan nan nan nan nan nan nan nan nan nan nan nan nan nan nan nan nan nan nan nan nan nan nan nan nan 4.9000 4.8700 4.8600 4.8400 4.8000 4.7400 4.8000 4.8300 nan nan nan nan nan nan nan nan nan nan
nan nan nan nan nan nan nan nan nan nan nan nan nan nan nan nan nan nan nan nan nan nan nan nan nan nan nan nan nan nan nan nan nan nan nan nan nan nan nan nan nan nan nan nan nan nan nan nan nan nan nan nan nan nan nan nan nan 4.9400 4.9100 4.8800 4.8400 4.8200 4.7600 4.7400 4.7000 4.7400 4.7800 4.8100 nan nan nan nan nan nan nan nan nan
nan nan nan nan nan nan nan nan nan nan nan nan nan nan nan nan nan nan nan nan nan nan nan nan nan nan nan nan nan nan nan nan nan nan nan nan nan nan nan nan nan nan nan nan nan nan nan nan nan nan nan nan nan nan nan nan 4.9400 4.9100 4.8900 4.8600 4.8300 4.7700 4.7000 4.6800 4.5700 4.6900 4.7400 4.7800 nan nan nan nan nan nan nan nan nan
nan nan nan nan nan nan nan nan nan nan nan nan nan nan nan nan nan nan nan nan nan nan nan nan nan nan nan nan nan nan nan nan nan nan nan nan nan nan nan nan nan nan nan nan nan nan nan nan nan nan nan nan 4.9500 4.9300 4.9400 4.9300 4.9200 4.9000 4.8700 4.8500 4.8100 4.7800 4.6900 4.7900 4.7200 4.7200 4.7300 4.7500 nan nan nan nan nan nan nan nan nan
nan nan nan nan nan nan nan nan nan nan nan nan nan nan nan nan nan nan nan nan nan nan nan nan nan nan nan nan nan nan nan nan nan nan nan nan nan nan nan nan nan nan nan nan nan nan nan nan nan nan nan 4.9600 4.9500 4.9300 4.9200 4.9100 4.9000 4.8800 4.8500 4.8300 4.8100 4.8100 4.7600 4.7100 4.6900 4.7000 4.7200 4.7200 4.7700 nan nan nan nan nan nan nan nan
nan nan nan nan nan nan nan nan nan nan nan nan nan nan nan nan nan nan nan nan nan nan nan nan nan nan nan nan nan nan nan nan nan nan nan nan nan nan nan nan nan nan nan nan nan nan nan nan nan nan nan nan 4.9400 4.9200 4.9100 4.8900 4.8700 4.8500 4.8400 4.8300 4.7800 4.8000 4.7300 4.6800 4.7000 4.6600 4.6900 4.6700 4.7600 nan nan nan nan nan nan nan nan
nan nan nan nan nan nan nan nan nan nan nan nan nan nan nan nan nan nan nan nan nan nan nan 5.1200 5.1300 5.1200 nan nan nan nan nan nan nan nan nan nan nan nan nan nan nan nan nan nan nan nan nan nan nan nan nan nan nan 4.9100 4.8900 4.8700 4.8500 4.8300 4.8000 4.7800 4.7600 4.7600 4.7100 4.7200 4.6500 4.6700 4.6900 4.7100 4.7700 4.8300 nan nan nan nan nan nan nan
nan nan nan nan nan nan nan nan nan nan nan nan nan nan nan nan nan nan nan nan 5.0800 5.1000 5.1100 5.1100 5.1200 5.1200 nan nan nan nan nan nan nan nan nan nan nan nan nan nan nan nan nan nan nan nan nan nan nan nan nan 4.9500 4.9300 4.9100 4.8900 4.8600 4.8400 4.8000 4.7700 4.7400 4.7100 4.6700 4.6300 4.6800 4.6100 4.6600 4.6900 4.7200 4.8100 4.8400 nan nan nan nan nan nan nan
nan nan nan nan nan nan nan nan nan nan nan nan nan 4.9300 4.9400 nan nan 5.0000 5.0300 5.0500 5.0700 5.1000 5.1100 5.1300 5.1400 5.1100 nan nan nan nan nan nan nan nan nan nan nan nan nan nan nan nan nan nan nan nan nan nan 4.9800 4.9600 4.9600 4.9300 4.9300 4.9100 4.8800 4.8600 4.8200 4.7700 4.7300 4.6900 4.6500 4.6200 4.6300 4.6000 4.6000 4.6800 4.7000 4.7400 4.8300 4.9500 4.9300 nan nan nan nan nan nan
nan nan nan nan nan nan nan nan nan nan 4.9200 4.9100 4.9100 4.9200 4.9300 4.9400 4.9600 4.9900 5.0200 5.0500 5.0700 5.1000 5.0900 5.1200 5.1300 nan nan nan nan nan nan nan nan nan nan nan nan nan nan nan nan nan nan nan nan nan nan 4.9900 4.9800 4.9700 4.9600 4.9500 4.9300 4.9100 4.8800 4.8400 4.8100 4.7400 4.6900 4.6300 4.5900 4.5700 4.5500 4.5400 4.5700 4.6400 4.7200 4.7900 4.8500 4.9200 5.0000 nan nan nan nan nan nan
nan nan nan nan nan 4.9400 4.9400 nan 4.9200 4.9100 4.9000 4.8900 4.8800 4.8900 4.9100 4.9100 4.9300 4.9600 4.9900 5.0200 5.0500 5.0700 5.0900 5.1000 5.1100 nan nan nan nan nan nan nan nan nan nan nan nan nan nan nan nan nan nan nan nan nan nan nan 4.9900 4.9700 4.9700 4.9600 4.9400 4.9100 4.8700 4.8400 4.7800 4.7200 4.6900 4.5800 4.5500 4.5400 4.5200 4.4900 4.5000 4.6200 4.7200 4.8000 4.8800 4.9900 4.9800 5.0700 nan nan nan nan nan
nan nan nan 4.9300 4.9200 4.9200 4.9200 4.9100 4.8900 4.8800 4.8600 4.8500 4.8400 4.8500 4.8600 4.8600 4.8800 4.9100 4.9400 4.9800 5.0100 5.0300 5.0500 5.0700 5.0700 5.0800 nan nan nan nan nan nan nan nan nan nan nan nan nan nan nan nan nan nan nan nan nan 4.9900 4.9800 4.9600 4.9700 4.9300 4.9300 4.9000 4.8700 4.8500 4.7900 4.7500 4.7500 4.5700 4.5500 4.5500 4.5100 4.5400 4.5000 4.6100 4.7200 4.8100 4.9300 4.9700 5.0200 5.0800 nan nan nan nan nan
nan nan nan 4.8900 4.8900 4.8900 4.8900 4.8900 4.8800 4.8600 4.8200 4.8000 4.8100 4.8000 4.8000 4.8100 4.8500 4.8800 4.9100 4.9400 4.9700 4.9900 5.0100 5.0300 5.0500 5.0500 5.0600 nan nan nan nan nan nan nan nan nan nan nan nan nan nan nan nan nan nan nan nan nan 4.9800 4.9700 4.9900 4.9500 4.9200 4.9100 4.8800 4.8400 4.8100 4.7600 4.7200 4.6700 4.5600 4.5400 4.5700 4.4900 4.5100 4.6200 4.7200 4.8100 4.8900 4.9600 5.0200 5.0900 5.1100 nan nan nan nan
nan nan nan nan 4.8600 4.8600 4.8600 4.8600 4.8400 4.8300 4.7700 4.7600 4.7600 4.7500 4.7400 4.7600 4.8000 4.8200 4.8500 4.8900 4.9400 4.9400 4.9700 4.9900 5.0200 5.0300 5.0500 5.0700 nan nan nan nan nan nan nan nan nan nan nan nan nan nan nan nan nan nan nan 4.9800 4.9800 4.9700 4.9600 4.9600 4.9700 4.9100 4.8800 4.8500 4.8000 4.7500 4.7000 4.6400 4.6400 4.6200 4.5900 4.4500 4.5500 4.6000 4.7100 4.8000 4.8900 4.9600 5.0200 5.0900 5.1200 5.1100 nan nan nan
nan nan nan nan 4.8500 4.8500 4.8500 4.8600 4.8500 4.8300 4.8200 4.7700 4.7300 4.7900 4.7200 4.7300 4.7900 4.8300 4.8300 4.8600 4.9100 4.9500 4.9500 4.9800 5.0000 5.0100 5.0300 5.0500 5.0500 nan nan nan nan nan nan nan nan nan nan nan nan nan nan nan nan nan nan 4.9800 4.9800 4.9700 4.9300 5.0100 4.9700 4.9000 4.8900 4.8600 4.8300 4.7800 4.7200 4.6600 4.6400 4.6900 4.6700 4.6200 4.6200 4.6700 4.7400 4.8300 4.9100 4.9700 5.0300 5.0900 5.1200 5.1200 nan nan nan
nan nan nan 4.8700 4.8700 4.8800 4.8800 4.8800 4.8700 4.8400 4.8200 4.9100 4.8400 4.8900 4.7400 4.7600 4.8900 4.8900 4.8900 4.9100 4.9500 4.9500 4.9600 4.9700 4.9900 5.0000 5.0100 5.0300 5.0200 5.0100 4.9900 nan nan nan nan nan nan nan nan nan nan nan nan nan nan nan nan 4.9900 4.9900 4.9700 5.0000 5.0200 4.9800 4.9500 4.9300 4.9000 4.8700 4.8400 4.8100 4.7600 4.7400 4.8300 4.7500 4.6900 4.6800 4.7500 4.8300 4.9000 4.9600 5.0000 5.0500 5.0900 5.1100 5.1100 5.1000 nan nan
nan nan nan 4.8900 4.8900 4.9000 4.9000 4.9000 4.8600 4.9000 4.9400 4.9400 4.9100 4.9300 4.9100 4.9300 4.9100 4.9000 4.9400 4.9200 4.9400 4.9500 4.9600 4.9700 4.9800 4.9900 4.9900 5.0000 5.0000 4.9800 4.9700 4.9500 nan nan nan nan nan nan nan nan nan nan nan nan nan nan 4.9800 4.9900 4.9900 4.9900 5.0100 5.0100 4.9900 4.9800 4.9600 4.9100 4.9600 4.9700 4.9900 4.9600 4.9700 4.8900 4.7400 4.7800 4.8200 4.8300 4.9000 4.9600 5.0000 5.0300 5.0600 5.0900 5.1100 5.1100 5.1000 5.1000 nan
nan nan 4.9200 4.9100 4.9200 4.9200 4.9300 4.9100 4.9500 4.9800 4.9200 4.9400 4.9200 4.9000 4.9300 4.9600 4.9400 4.9600 4.9500 4.9500 4.9500 4.9600 4.9700 4.9700 4.9700 4.9700 4.9700 4.9700 4.9700 4.9500 nan 4.9300 4.9300 4.9400 4.9400 nan nan nan nan nan nan nan nan nan nan 4.9900 4.9900 5.0000 5.0000 5.0000 5.0100 5.0100 5.0100 5.0000 4.9900 4.9600 5.0100 5.0500 4.9700 4.9400 4.9600 4.9600 4.8400 4.8500 4.8900 4.9100 4.9700 5.0200 5.0400 5.0600 5.0700 5.0900 5.1000 nan nan nan nan
nan 4.9600 4.9500 4.9500 4.9500 4.9600 4.9600 4.9800 5.0000 4.9700 4.9800 5.0000 5.0100 4.9900 4.9600 4.9700 4.9600 4.9800 4.9700 4.9700 4.9700 4.9700 4.9800 4.9800 4.9700 4.9600 4.9600 4.9600 4.9500 4.9400 nan nan 4.9200 4.9200 4.9300 4.9400 4.9400 4.9500 4.9600 4.9700 4.9800 4.9900 4.9900 4.9900 5.0000 5.0000 5.0100 5.0100 5.0100 5.0200 5.0200 5.0300 5.0200 5.0100 5.0300 5.0300 4.9900 5.0500 4.9900 5.0200 4.9900 5.0200 5.0100 4.9200 4.9500 4.9900 5.0200 5.0500 5.0700 5.0800 5.0800 5.0900 5.1000 nan nan nan nan
5.0000 5.0000 4.9900 4.9900 4.9900 5.0000 5.0000 5.0100 5.0100 5.0100 5.0100 5.0100 5.0100 5.0000 4.9900 4.9800 4.9900 4.9800 4.9800 4.9800 4.9700 4.9700 4.9800 4.9800 4.9700 4.9700 4.9600 4.9600 nan 4.9400 4.9300 4.9200 4.9100 4.9200 4.9300 4.9300 4.9500 4.9600 4.9700 4.9900 5.0000 5.0000 5.0100 5.0100 5.0200 5.0200 5.0200 5.0300 5.0300 5.0400 5.0400 5.0500 5.0500 5.0500 5.0700 5.0500 5.0700 5.0400 5.0400 5.0400 5.0200 5.0200 5.0500 5.0200 4.9900 5.0100 5.0400 5.0600 5.0800 5.0900 5.0900 nan nan nan nan nan nan
nan nan nan nan nan 5.0300 5.0300 5.0400 5.0400 5.0300 5.0300 5.0200 5.0200 5.0100 5.0000 5.0000 4.9900 4.9900 4.9900 4.9800 4.9800 4.9800 4.9800 4.9800 4.9700 4.9700 4.9600 4.9600 nan 4.9400 4.9300 4.9100 4.9100 4.9200 4.9300 4.9300 4.9400 4.9600 4.9800 5.0000 5.0100 5.0200 5.0200 5.0300 5.0300 5.0400 5.0400 5.0400 5.0500 5.0500 5.0600 5.0700 5.0700 5.0700 5.0700 5.0700 5.0700 5.0700 5.0600 5.0600 5.0600 5.0500 5.0700 5.0500 5.0600 5.0600 5.0700 5.0800 5.0900 5.0900 5.1000 nan nan nan nan nan nan
nan nan nan nan nan nan nan nan nan nan nan 5.0400 5.0300 5.0300 5.0200 5.0100 5.0100 5.0000 4.9900 4.9900 4.9800 4.9800 4.9800 4.9800 4.9700 4.9700 4.9600 4.9600 nan nan nan 4.9100 4.9100 4.9100 4.9200 4.9300 4.9500 4.9700 4.9900 5.0100 5.0300 5.0300 5.0400 5.0400 5.0500 5.0500 5.0600 5.0600 5.0700 5.0700 5.0800 5.0900 5.0900 5.0900 5.0900 5.0900 5.0800 5.0900 5.0900 5.0900 5.0900 5.0900 5.1000 5.1000 5.0900 5.0900 5.0900 5.0900 5.1000 nan 5.1100 nan nan nan nan nan nan
nan nan nan nan nan nan nan nan nan nan nan nan nan 5.0400 5.0400 5.0300 5.0200 5.0200 5.0100 5.0000 5.0000 5.0000 4.9900 4.9800 4.9800 4.9800 4.9700 nan nan nan nan nan 4.9200 nan 4.9300 4.9400 4.9500 4.9800 5.0000 5.0200 5.0400 5.0400 5.0500 5.0600 5.0600 5.0700 5.0700 5.0800 5.0900 5.0900 5.1000 5.1000 5.1100 5.1000 5.1000 5.1000 5.1000 5.1000 5.1100 5.1100 5.1100 5.1100 5.1200 5.1200 5.1200 5.1100 nan nan nan nan 5.1100 nan nan nan nan nan nan
nan nan nan nan nan nan nan nan nan nan nan nan nan nan nan nan nan nan nan 5.0200 5.0200 nan nan 5.0000 5.0000 4.9900 nan nan nan nan nan nan nan 4.9500 4.9600 4.9600 4.9700 4.9900 5.0100 5.0200 5.0400 5.0500 5.0600 5.0700 5.0700 5.0800 5.0900 5.1000 5.1100 5.1100 5.1100 5.1100 5.1200 5.1100 5.1100 5.1100 5.1100 5.1100 5.1100 5.1200 5.1200 5.1200 5.1200 5.1200 nan nan nan nan nan nan nan nan nan nan nan nan nan
nan nan nan nan nan nan nan nan nan nan nan nan nan nan nan nan nan nan nan nan nan nan nan nan nan nan nan nan nan nan nan nan nan nan 4.9800 4.9900 4.9900 5.0000 5.0100 5.0300 5.0400 5.0500 5.0700 5.0800 5.0900 5.1000 5.1100 5.1200 5.1200 5.1300 5.1300 5.1300 5.1300 5.1200 5.1200 5.1100 5.1100 5.1200 5.1200 5.1200 5.1300 5.1300 5.1300 nan nan nan nan nan nan nan nan nan nan nan nan nan nan
nan nan nan nan nan nan nan nan nan nan nan nan nan nan nan nan nan nan nan nan nan nan nan nan nan nan nan nan nan nan nan nan nan nan nan nan 5.0100 5.0200 5.0200 5.0300 5.0400 5.0500 5.0700 5.0900 5.1000 5.1100 5.1200 5.1300 5.1400 5.1400 5.1400 5.1400 5.1400 5.1300 5.1300 nan nan nan nan 5.1300 5.1300 5.1300 5.1300 nan nan nan nan nan nan nan nan nan nan nan nan nan nan
nan nan nan nan nan nan nan nan nan nan nan nan nan nan nan nan nan nan nan nan nan nan nan nan nan nan nan nan nan nan nan nan nan nan nan nan 5.0300 5.0400 5.0400 5.0400 5.0500 5.0600 5.0800 5.1000 5.1100 5.1200 5.1300 5.1500 5.1500 5.1600 5.1500 5.1500 5.1500 5.1400 5.1400 5.1300 nan nan nan 5.1400 5.1400 5.1400 5.1400 nan nan nan nan nan nan nan nan nan nan nan nan nan nan
nan nan nan nan nan nan nan nan nan nan nan nan nan nan nan nan nan nan nan nan nan nan nan nan nan nan nan nan nan nan nan nan nan nan nan nan 5.0600 5.0600 5.0600 5.0600 5.0700 5.0800 5.0900 5.1100 5.1200 5.1300 5.1400 5.1400 5.1500 5.1500 5.1500 5.1500 5.1500 5.1400 5.1400 5.1400 nan 5.1400 nan nan 5.1400 5.1400 5.1400 nan nan nan nan nan nan nan nan nan nan nan nan nan nan
nan nan nan nan nan nan nan nan nan nan nan nan nan nan nan nan nan nan nan nan nan nan nan nan nan nan nan nan nan nan nan nan nan nan nan nan nan nan 5.0900 5.0900 5.0900 5.1000 5.1100 5.1200 5.1300 5.1400 5.1500 5.1600 5.1500 5.1500 5.1500 5.1500 5.1500 5.1400 5.1400 nan nan 5.1400 5.1500 5.1500 5.1500 5.1500 5.1400 nan nan nan nan nan nan nan nan nan nan nan nan nan nan
nan nan nan nan nan nan nan nan nan nan nan nan nan nan nan nan nan nan nan nan nan nan nan nan nan nan nan nan nan nan nan nan nan nan nan nan nan nan nan nan nan nan 5.1200 5.1300 5.1400 5.1400 5.1500 5.1600 5.1600 5.1600 nan nan nan nan nan nan nan nan 5.1500 5.1500 5.1500 5.1500 5.1500 nan nan nan nan nan nan nan nan nan nan nan nan nan nan
nan nan nan nan nan nan nan nan nan nan nan nan nan nan nan nan nan nan nan nan nan nan nan nan nan nan nan nan nan nan nan nan nan nan nan nan nan nan nan nan nan nan nan 5.1400 5.1400 5.1500 5.1500 5.1600 5.1600 5.1500 nan nan nan nan nan nan nan nan nan nan nan nan nan nan nan nan nan nan nan nan nan nan nan nan nan nan nan
nan nan nan nan nan nan nan nan nan nan nan nan nan nan nan nan nan nan nan nan nan nan nan nan nan nan nan nan nan nan nan nan nan nan nan nan nan nan nan nan nan nan nan 5.1500 5.1500 5.1500 nan 5.1600 nan nan nan nan nan nan nan nan nan nan nan nan nan nan nan nan nan nan nan nan nan nan nan nan nan nan nan nan nan
nan nan nan nan nan nan nan nan nan nan nan nan nan nan nan nan nan nan nan nan nan nan nan nan nan nan nan nan nan nan nan nan nan nan nan nan nan nan nan nan nan nan 5.1500 nan nan nan nan nan nan nan nan nan nan nan nan nan nan nan nan nan nan nan nan nan nan nan nan nan nan nan nan nan nan nan nan nan nan
nan nan nan nan nan nan nan nan nan nan nan nan nan nan nan nan nan nan nan nan nan nan nan nan nan nan nan nan nan nan nan nan nan nan nan nan nan nan nan nan nan nan nan nan nan nan nan nan nan nan nan nan nan nan nan nan nan nan nan nan nan nan nan nan nan nan nan nan nan nan nan nan nan nan nan nan nan
nan nan nan nan nan nan nan nan nan nan nan nan nan nan nan nan nan nan nan nan nan nan nan nan nan nan nan nan nan nan nan nan nan nan nan nan nan nan nan nan nan nan nan nan nan nan nan nan nan nan nan nan nan nan nan nan nan nan nan nan nan nan nan nan nan nan nan nan nan nan nan nan nan nan nan nan nan
nan nan nan nan nan nan nan nan nan nan nan nan nan nan nan nan nan nan nan nan nan nan nan nan nan nan nan nan nan nan nan nan nan nan nan nan nan nan nan nan nan nan nan nan nan nan nan nan nan nan nan nan nan nan nan nan nan nan nan nan nan nan nan nan nan nan nan nan nan nan nan nan nan nan nan nan nan
nan nan nan nan nan nan nan nan nan nan nan nan nan nan nan nan nan nan nan nan nan nan nan nan nan nan nan nan nan nan nan nan nan nan nan nan nan nan nan nan nan nan nan nan nan nan nan nan nan nan nan nan nan nan nan nan nan nan nan nan nan nan nan nan nan nan nan nan nan nan nan nan nan nan nan nan nan
nan nan nan nan nan nan nan nan nan nan nan nan nan nan nan nan nan nan nan nan nan nan nan 5.1700 5.1800 5.1900 5.1900 5.1900 nan 5.1900 5.1900 nan nan nan nan nan nan nan nan nan nan nan nan nan nan nan nan nan nan nan nan nan nan nan nan nan nan nan nan nan nan nan nan nan nan nan nan nan nan nan nan nan nan nan nan nan nan
nan nan nan nan nan nan nan nan nan nan nan nan nan nan nan nan nan nan nan nan nan nan 5.1800 5.1800 5.1800 5.1900 5.1900 5.1900 5.1900 5.1900 5.1900 5.1900 nan nan nan nan nan nan nan nan nan nan nan nan nan nan nan nan nan nan nan nan nan nan nan nan nan nan nan nan nan nan nan nan nan nan nan nan nan nan nan nan nan nan nan nan nan
