problem/maps/Sucre.asc
NCOLS 323
NROWS 89
XLLCORNER -64.5333333711
YLLCORNER 10.0249999599
CELLSIZE 0.008333
NODATA_VALUE nan
[rows 0 to 34 of 89, columns 77 to 153 of 323]
nan nan nan nan nan nan nan nan nan nan nan nan nan nan nan nan nan nan nan nan nan nan nan nan nan nan nan nan nan nan nan nan nan nan nan nan nan nan nan nan nan nan nan nan nan nan nan nan nan nan nan nan nan nan nan nan nan nan nan nan nan nan nan nan nan nan nan nan nan nan nan nan nan nan nan nan nan
nan nan nan nan nan nan nan nan nan nan nan nan nan nan nan nan nan nan nan nan nan nan nan nan nan nan nan nan nan nan nan nan nan nan nan nan nan nan nan nan nan nan nan nan nan nan nan nan nan nan nan nan nan nan nan nan nan nan nan nan nan nan nan nan nan nan nan nan nan nan nan nan nan nan nan nan nan
nan nan nan nan nan nan nan nan nan nan nan nan nan nan nan nan nan nan nan nan nan nan nan nan nan nan nan nan nan nan nan nan nan nan nan nan nan nan nan nan nan nan nan nan nan nan nan nan nan nan nan nan nan nan nan nan nan nan nan nan nan nan nan nan nan nan nan nan nan nan nan nan nan nan nan nan nan
nan nan nan nan nan nan nan nan nan nan nan nan nan nan nan nan nan nan nan nan nan nan nan nan nan nan nan nan nan nan nan nan nan nan nan nan nan nan nan nan nan nan nan nan nan nan nan nan nan nan nan nan nan nan nan nan nan nan nan nan nan nan nan nan nan nan nan nan nan nan nan nan nan nan nan nan nan
nan nan nan nan nan nan nan nan nan nan nan nan nan nan nan nan nan nan nan nan nan nan nan nan nan nan nan nan nan nan nan nan nan nan nan nan nan nan nan nan nan nan nan nan nan nan nan nan nan nan nan nan nan nan nan nan nan nan nan nan nan nan nan nan nan nan nan nan nan nan nan nan nan nan nan nan nan
nan nan nan nan nan nan nan nan nan nan nan nan nan nan nan nan nan nan nan nan nan nan nan nan nan nan nan nan nan nan nan nan nan nan nan nan nan nan nan nan nan nan nan nan nan nan nan nan nan nan nan nan nan nan nan nan nan nan nan nan nan nan nan nan nan nan nan nan nan nan nan nan nan nan nan nan nan
nan nan nan nan nan nan nan nan nan nan nan nan nan nan nan nan nan nan nan nan nan nan nan nan nan nan nan nan nan nan nan nan nan nan nan nan nan nan nan nan nan nan nan nan nan nan nan nan nan nan nan nan nan nan nan nan nan nan nan nan nan nan nan nan nan nan nan nan nan nan nan nan nan nan nan nan nan
nan nan nan nan nan nan nan nan nan nan nan nan nan nan nan nan nan nan nan nan nan nan nan nan nan nan nan nan nan nan nan nan nan nan nan nan nan nan nan nan nan nan nan nan nan nan nan nan nan nan nan nan nan nan nan nan nan nan nan nan nan nan nan nan nan nan nan nan nan nan nan nan nan nan nan nan nan
nan nan nan nan nan nan nan nan 5.0300 5.0300 nan nan nan nan nan nan nan nan nan nan nan nan nan nan nan nan nan nan nan nan nan nan nan nan nan nan nan nan nan nan nan nan nan nan nan nan nan nan nan nan nan nan nan nan nan nan nan nan nan nan nan nan nan nan nan nan nan nan nan nan nan nan nan nan nan nan nan
nan nan nan nan nan nan nan nan nan 5.0300 5.0200 nan nan nan nan nan nan nan nan nan nan nan nan nan nan nan nan nan nan nan nan nan nan nan nan nan nan nan nan nan nan nan nan nan nan nan nan nan nan nan nan nan nan nan nan nan nan nan nan nan nan nan nan nan nan nan nan nan nan nan nan nan nan nan nan nan nan
nan nan nan nan nan nan nan nan 5.0000 5.0100 5.0000 4.9900 nan nan nan nan nan nan nan nan nan nan nan nan nan nan nan nan nan nan nan nan nan nan nan nan nan nan nan nan nan nan nan nan nan nan nan nan nan nan nan nan nan nan nan nan nan nan nan 4.7600 4.7500 nan nan nan nan nan nan nan nan nan nan nan nan nan nan nan nan
nan nan nan nan nan nan nan 4.9600 4.9700 4.9700 4.9600 4.9500 4.9500 nan nan nan nan nan nan nan nan nan nan nan nan nan nan nan nan nan nan nan nan nan nan nan nan nan nan nan nan nan nan nan nan nan nan nan nan nan nan nan nan nan nan nan nan nan 4.7200 4.7200 4.7200 4.7100 4.7000 4.6800 nan nan nan 4.6100 4.5800 nan nan nan nan nan 4.4900 nan nan
nan nan nan nan nan nan nan 4.9300 4.9300 4.9300 4.9200 4.9200 4.9100 4.9000 nan nan nan nan nan nan nan nan nan nan nan nan nan nan nan nan nan nan nan nan nan nan nan nan nan nan nan nan nan nan nan nan nan nan nan nan nan nan nan nan 4.6800 nan nan nan 4.6800 4.6800 4.6800 4.6700 4.6600 4.6400 4.6200 4.6100 4.5900 4.5700 4.5500 4.5300 4.5100 nan nan 4.4800 4.4700 4.4600 4.4500
nan nan nan nan nan nan nan 4.9000 4.9000 4.8900 4.8800 4.8800 4.8700 4.8600 4.8500 4.8400 nan nan nan nan nan nan nan nan nan nan nan nan nan nan nan nan nan nan nan nan nan nan nan nan nan nan nan nan nan nan nan nan nan nan 4.6100 4.6000 4.6000 nan 4.6300 4.6300 4.6400 4.6400 4.6300 4.6300 4.6400 4.6300 4.6200 4.6000 4.6000 4.5800 4.5500 4.5300 4.5100 4.5000 4.4900 4.4800 4.4700 4.4500 4.4400 4.4300 4.4200
nan nan nan nan nan nan 4.8800 4.8700 4.8600 4.8500 4.8500 4.8400 4.8300 4.8200 4.8200 4.8100 4.8000 4.8000 4.7900 4.7900 4.7800 4.7700 nan nan nan nan nan nan nan nan nan nan nan nan nan nan nan nan nan nan nan nan nan nan nan nan nan 4.5500 4.5400 nan 4.5500 4.5600 4.5700 4.5700 4.5700 4.5800 4.5900 4.5900 4.5900 4.6100 4.6100 4.5900 4.5800 4.5600 4.5500 4.5300 4.5200 4.5000 4.4800 4.4700 4.4600 4.4500 4.4400 4.4300 4.4300 4.4200 4.4100
nan nan nan nan nan 4.8400 4.8300 4.8300 4.8200 4.8200 4.8100 4.8000 4.7900 4.7900 4.7800 4.7800 4.7700 4.7700 4.7700 4.7600 4.7500 4.7400 4.7600 4.7200 4.7100 4.7100 4.7100 nan nan nan nan nan nan nan nan nan nan nan nan nan nan nan nan nan nan nan nan 4.5000 4.4900 4.4900 4.4900 4.5000 4.5000 4.5000 4.5000 4.5100 4.5400 4.5500 4.5500 4.5700 4.5600 4.5700 4.5700 4.5400 4.5200 4.5100 4.5000 4.4800 4.4700 4.4600 4.4300 4.4300 4.4100 4.4100 4.4100 4.4100 4.4000
4.8000 4.7900 4.7900 4.8000 4.8000 4.8000 4.7900 4.7900 4.7800 4.7800 4.7700 4.7600 4.7600 4.7500 4.7500 4.7500 4.7400 4.7500 4.7500 4.7300 4.7200 4.7600 4.7400 4.6800 4.7200 4.7100 4.6800 4.7000 4.6700 4.6700 4.6400 4.6400 4.6400 4.6200 nan nan 4.5800 nan nan nan nan nan nan nan nan 4.4600 4.4500 4.4400 4.4300 4.4300 4.4400 4.4400 4.4400 4.4600 4.4800 4.5200 4.5400 4.5400 4.5500 4.5500 4.5200 4.5200 4.5100 4.5000 4.4900 4.4800 4.4900 4.4700 4.4600 4.4400 4.4100 4.4000 4.4000 4.4000 4.3900 4.4000 4.3900
4.7400 4.7400 4.7400 4.7400 4.7500 4.7500 4.7400 4.7300 4.7300 4.7300 4.7200 4.7100 4.7100 4.7100 4.7100 4.7100 4.7400 4.7700 4.7100 4.6900 4.7200 4.7400 4.7400 4.7500 4.7000 4.6800 4.7000 4.7200 4.7000 4.6600 4.6200 4.6400 4.6000 4.5900 4.5900 4.5600 4.5700 4.5300 4.5300 4.5200 4.5000 4.4700 4.4700 4.4400 4.4400 4.4400 4.4000 4.4100 4.3800 4.3800 4.3800 4.3900 4.3900 4.4000 4.4200 4.4500 4.4600 4.4700 4.4900 4.4900 4.4900 4.4900 4.4800 4.4700 4.4800 4.4800 4.4600 4.4800 4.4200 4.4100 4.4200 4.3900 4.3800 4.3700 4.3700 4.3700 4.3800
4.7200 4.7100 4.7100 4.7100 4.7200 4.7200 4.7300 4.7300 4.7400 4.7300 4.6900 4.7000 4.6800 4.7100 4.6900 4.7000 4.7200 4.7700 4.7600 4.6800 4.7000 4.6900 4.7000 4.7600 4.7400 4.7300 4.7000 4.6800 4.6600 4.6300 4.6100 4.6500 4.5900 4.5800 4.5800 4.5900 4.5500 4.5300 4.5200 4.5100 4.5000 4.5000 4.4600 4.4400 4.4300 4.4100 4.4000 4.3900 4.3700 4.3700 4.3700 4.3800 4.3700 4.3800 4.3900 4.4100 4.4300 4.4400 4.4500 4.4600 4.4700 4.4700 4.4600 4.4500 4.4500 4.4500 4.4500 4.4500 4.4100 4.4100 4.3700 4.3600 4.3300 4.3300 4.3600 4.3200 4.3200
4.7100 4.7000 4.7000 4.7100 4.7100 4.7100 4.7100 4.7200 4.7200 4.7200 4.7400 4.7600 4.7500 4.7400 4.7100 4.7200 4.7300 4.7300 4.7500 4.7000 4.7400 4.7500 4.7500 4.7100 4.7000 4.6900 4.6700 4.6700 4.6400 4.6600 4.6600 4.6200 4.6000 4.5900 4.5800 4.5700 4.5500 4.5400 4.5200 4.5100 4.4900 4.4800 4.4500 4.4400 4.4200 4.4000 4.3900 4.3800 4.3600 4.3600 4.3700 4.3700 4.3700 4.3700 4.3800 4.3900 4.4100 4.4200 4.4300 4.4500 4.4500 4.4500 4.4600 4.4400 4.4400 4.4300 4.4200 4.4000 4.3700 4.3500 4.3200 4.3400 4.3400 4.3400 4.3600 4.3300 4.2700
4.7000 4.7500 4.7400 4.7000 4.6900 4.7200 4.7200 4.7300 4.7400 4.7200 4.7300 4.8000 4.8000 4.7200 4.7500 4.7400 4.7400 4.7700 4.7600 4.7500 4.7400 4.7200 4.7200 4.7300 4.7200 4.7000 4.6900 4.6900 4.6600 4.6500 4.6400 4.6200 4.6000 4.5900 4.5800 4.5700 4.5500 4.5500 4.5300 4.5200 4.5000 4.4800 4.4600 4.4400 4.4200 4.4000 4.3900 4.3900 4.3700 4.3700 4.3700 4.3700 4.3600 4.3600 4.3800 4.4000 4.3900 4.4100 4.4300 4.4400 4.4400 4.4500 4.4600 4.4300 4.4300 4.4100 4.4100 4.3500 4.3700 4.3800 4.2800 4.3300 4.3600 4.3700 4.3200 4.3100 4.3000
4.7700 4.7600 4.7600 4.7600 4.7600 4.7700 4.7900 4.7900 4.8100 4.8200 4.8200 4.7400 4.7300 4.7700 4.7600 4.7500 4.7700 4.7200 4.7400 4.7300 4.7300 4.7200 4.7100 4.7100 4.6900 4.6900 4.6800 4.6700 4.6600 4.6500 4.6400 4.6200 4.6000 4.6000 4.5800 4.5800 4.5500 4.5400 4.5300 4.5100 4.5000 4.4800 4.4600 4.4400 4.4100 4.3900 4.3900 4.3800 4.3700 4.3600 4.3600 4.3700 4.3700 4.3800 4.3900 4.3800 4.3900 4.4000 4.4200 4.4200 4.4400 4.4400 4.4400 4.4100 4.4200 4.4500 4.3900 4.3500 4.3800 4.3500 4.2700 4.2800 4.3400 4.3200 4.2700 4.2400 4.2400
4.7800 4.7200 4.7000 4.7200 4.7200 4.7400 4.7400 4.7400 4.7800 4.7400 4.7500 4.7400 4.7400 4.7600 4.7300 4.7400 4.7500 4.7300 4.7300 4.7200 4.7200 4.7200 4.7000 4.7000 4.6900 4.6800 4.6800 4.6700 4.6600 4.6600 4.6400 4.6300 4.6200 4.6200 4.5800 4.5700 4.5600 4.5500 4.5300 4.5200 4.5000 4.4900 4.4600 4.4400 4.4100 4.4000 4.3900 4.3800 4.3800 4.3700 4.3700 4.3600 4.3600 4.3700 4.3800 4.3900 4.3900 4.4000 4.4300 4.4400 4.4700 4.4900 4.4500 4.4400 4.4500 4.4700 4.4000 4.4000 4.3800 4.3400 4.3000 4.2900 4.3300 4.3000 4.2600 4.2300 4.2100
4.8300 4.8000 4.7500 4.7200 4.7800 4.7700 4.7900 4.7900 4.7700 4.7500 4.7400 4.7400 4.7400 4.7500 4.7400 4.7300 4.7300 4.7200 4.7200 4.7200 4.7100 4.7000 4.7000 4.6900 4.6900 4.6800 4.6800 4.6600 4.6600 4.6500 4.6400 4.6200 4.6200 4.6000 4.5900 4.5700 4.5600 4.5500 4.5300 4.5200 4.5100 4.5000 4.4700 4.4600 4.4300 4.4200 4.4100 4.4000 4.3900 4.3900 4.3800 4.3800 4.3700 4.3700 4.3900 4.4000 4.4100 4.4200 4.4200 4.4500 4.4900 4.4900 4.5000 4.5000 4.5100 4.4600 4.4300 4.4300 4.3600 4.3700 4.3400 4.3200 4.3300 4.3100 4.2400 4.2200 4.2100
4.7900 4.7700 4.7600 4.7700 4.7800 4.7700 4.7600 4.7500 4.7400 4.7400 4.7400 4.7300 4.7300 4.7300 4.7200 4.7200 4.7200 4.7200 4.7100 4.7100 4.7100 4.7100 4.7000 4.6900 4.6800 4.6800 4.6700 4.6600 4.6600 4.6500 4.6400 4.6200 4.6100 4.6000 4.5900 4.5700 4.5600 4.5500 4.5400 4.5300 4.5200 4.5000 4.4900 4.4700 4.4500 4.4400 4.4300 4.4200 4.4100 4.4000 4.3900 4.3900 4.3900 4.3900 4.4000 4.4100 4.4100 4.4100 4.4200 4.4400 4.4600 4.4700 4.4600 4.4800 4.5400 4.4700 4.4400 4.4600 4.4200 4.3800 4.3800 4.3700 4.3600 4.3400 4.2400 4.2800 4.2800
4.8000 4.7900 4.7900 4.7800 4.7700 4.7700 4.7600 4.7500 4.7400 4.7300 4.7300 4.7300 4.7200 4.7200 4.7200 4.7200 4.7100 4.7100 4.7100 4.7100 4.7100 4.7000 4.6900 4.6900 4.6800 4.6800 4.6700 4.6600 4.6500 4.6500 4.6400 4.6200 4.6200 4.6100 4.5900 4.5800 4.5700 4.5600 4.5500 4.5400 4.5300 4.5200 4.5000 4.4800 4.4700 4.4500 4.4400 4.4300 4.4300 4.4200 4.4100 4.4100 4.4000 4.4000 4.4100 4.4100 4.4100 4.4100 4.4300 4.4400 4.4500 4.5200 4.5200 4.5100 4.5600 4.4800 4.4600 4.4800 4.4500 4.4000 4.4400 4.4600 4.4400 4.4000 4.3300 4.3300 4.2700
nan nan nan nan nan nan nan nan 4.7400 4.7300 4.7200 4.7200 4.7200 4.7200 4.7100 4.7100 4.7000 4.7000 4.7000 4.7000 4.7000 4.6900 4.6900 4.6800 4.6800 4.6700 4.6600 4.6600 4.6500 4.6400 4.6300 4.6200 4.6100 4.6000 4.5900 4.5700 4.5600 4.5500 4.5400 4.5400 4.5300 4.5200 4.5000 4.4900 4.4700 4.4600 4.4500 4.4400 4.4300 4.4300 4.4200 4.4100 4.4100 4.4000 4.4100 4.4200 4.4000 4.4000 4.4500 4.4200 4.4700 4.4600 4.4800 4.5400 4.5800 4.5600 4.5300 4.5200 4.5300 4.5100 4.5000 4.4700 4.4500 4.4000 4.3700 4.3400 4.3000
nan nan nan nan nan nan nan nan nan nan 4.7200 4.7200 4.7200 4.7100 4.7000 4.7000 4.7000 4.6900 4.6900 4.6900 4.6900 4.6800 4.6800 4.6700 4.6700 4.6600 4.6500 4.6400 4.6400 4.6300 4.6200 4.6100 4.6000 4.5900 4.5800 4.5600 4.5500 4.5400 4.5300 4.5300 4.5200 4.5100 4.5000 4.4800 4.4700 4.4600 4.4500 4.4400 4.4300 4.4300 4.4200 4.4100 4.4000 4.4000 4.4100 4.4100 4.4000 4.4200 4.4100 4.4300 4.4600 4.4900 4.5200 4.5400 4.5000 4.4900 4.5100 4.5100 4.5100 4.4900 4.4800 4.4700 4.4500 4.4300 4.4000 4.3700 4.3300
nan nan nan nan nan nan nan nan nan nan nan 4.7200 4.7100 4.7000 4.7000 4.6900 4.6800 4.6800 4.6800 4.6800 4.6800 4.6700 4.6700 4.6600 4.6600 4.6500 4.6400 4.6300 4.6200 4.6100 4.6000 4.5900 4.5800 4.5700 4.5600 4.5500 4.5400 4.5300 4.5300 4.5200 4.5200 4.5100 4.4900 4.4800 4.4700 4.4600 4.4500 4.4400 4.4300 4.4300 4.4200 4.4100 4.4000 4.4000 4.4100 4.4100 4.4100 4.4200 4.4100 4.4300 4.4300 4.4500 4.4500 4.4500 4.4600 4.4800 4.4800 4.4500 4.4600 4.4300 4.4500 4.4500 4.4500 4.4400 4.4000 4.3600 4.3400
nan nan nan nan nan nan nan nan nan nan nan nan nan nan 4.6900 4.6800 4.6800 4.6700 4.6700 4.6700 4.6600 4.6600 4.6600 4.6500 4.6400 4.6400 4.6300 4.6200 4.6100 4.6000 4.5900 4.5800 4.5700 4.5600 4.5500 4.5400 4.5300 4.5200 4.5200 4.5100 4.5100 4.5000 4.4900 4.4800 4.4700 4.4600 4.4500 4.4400 4.4400 4.4300 4.4200 4.4100 4.4100 4.4000 4.4100 4.4100 4.4100 4.4200 4.4200 4.4300 4.4300 4.4400 4.4300 4.4400 4.4400 4.4400 4.4300 4.4300 4.4300 4.4200 4.4200 4.4400 4.4400 4.4300 4.3900 4.3600 4.3300
nan nan nan nan nan nan nan nan nan nan nan nan nan nan nan nan 4.6600 4.6500 4.6500 4.6500 4.6400 4.6400 4.6400 4.6300 4.6300 4.6200 4.6100 4.6000 4.5900 4.5800 4.5700 4.5700 4.5600 4.5500 4.5400 4.5300 4.5200 4.5100 4.5100 4.5100 4.5000 4.5000 4.4900 4.4800 4.4700 4.4600 4.4500 4.4500 4.4400 4.4300 4.4200 4.4200 4.4100 4.4100 4.4100 4.4100 4.4100 4.4200 4.4200 4.4200 4.4200 4.4200 4.4200 4.4100 4.4100 4.4000 4.4000 4.4000 4.3900 4.4000 4.4100 4.4100 4.4300 4.4400 4.3900 4.3600 4.3300
nan nan nan nan nan nan nan nan nan nan nan nan nan nan nan nan nan 4.6300 4.6300 4.6200 4.6200 4.6100 4.6100 4.6000 4.6000 4.5900 4.5800 4.5700 4.5700 4.5600 4.5500 4.5400 4.5400 4.5300 4.5200 4.5100 4.5000 4.5000 4.4900 4.4900 4.4900 4.4900 4.4800 4.4800 4.4700 4.4700 4.4600 4.4500 4.4500 4.4400 4.4300 4.4200 4.4200 4.4100 4.4100 4.4100 4.4200 4.4200 4.4100 4.4100 4.4100 4.4200 4.4100 4.4000 4.3900 4.4000 4.3900 4.3800 4.3800 4.3800 4.3900 4.4200 4.4300 4.4400 4.4000 4.3600 4.3100
nan nan nan nan nan nan nan nan nan nan nan nan nan nan nan nan nan 4.6100 4.6000 4.6000 4.5900 4.5800 4.5800 4.5700 4.5700 4.5600 4.5500 4.5500 4.5400 4.5300 4.5300 4.5200 4.5200 4.5100 4.5000 4.4900 4.4900 4.4800 4.4800 4.4800 4.4900 4.4800 4.4800 4.4800 4.4800 4.4700 4.4700 4.4600 4.4600 4.4500 4.4400 4.4300 4.4300 4.4200 4.4200 4.4200 4.4200 4.4100 4.4200 4.4200 4.4300 4.4400 4.4200 4.4100 4.4100 4.4100 4.4000 4.3400 4.3500 4.3500 4.3600 4.3800 4.4100 4.4100 4.3800 4.3600 4.3200
nan nan nan nan nan nan nan nan nan nan nan nan nan nan nan nan nan nan nan nan nan 4.5600 4.5500 4.5500 4.5400 nan nan nan nan 4.5100 4.5100 4.5000 4.5000 4.4900 4.4900 4.4800 4.4700 4.4700 4.4700 4.4700 4.4800 4.4800 4.4800 4.4900 4.4900 4.4900 4.4900 4.4800 4.4700 4.4600 4.4500 4.4400 4.4300 4.4300 4.4300 4.4300 4.4300 4.4300 4.4300 4.4300 4.4200 4.4200 4.4100 4.4000 4.3900 4.4000 4.3900 4.3100 4.3200 4.3400 4.3600 4.3800 4.4000 4.3900 4.3600 4.3600 4.3100
nan nan nan nan nan nan nan nan nan nan nan nan nan nan nan nan nan nan nan nan nan nan 4.5300 nan nan nan nan 4.5100 4.5000 4.5000 4.4900 4.4900 4.4900 4.4900 4.4800 4.4700 4.4700 4.4700 4.4700 4.4800 4.4700 4.4800 4.4900 4.5000 4.5100 4.5100 4.5000 4.4900 4.4700 4.4600 4.4500 4.4300 4.4200 4.4300 4.4300 4.4300 4.4300 4.4300 4.4300 4.4300 4.4200 4.4200 4.4100 4.4000 4.4000 4.4100 4.4000 4.2700 4.3200 4.3300 4.3400 4.3500 4.3600 4.3400 4.3300 4.3300 4.3200
