problem/maps/Sucre.asc
NCOLS 323
NROWS 89
XLLCORNER -64.5333333711
YLLCORNER 10.0249999599
CELLSIZE 0.008333
NODATA_VALUE nan
[rows 35 to 69 of 89, columns 77 to 153 of 323]
nan nan nan nan nan nan nan nan nan nan nan nan nan nan nan nan nan nan nan nan nan nan nan nan nan nan 4.5000 4.4900 4.4900 4.5000 4.4900 4.4800 4.5200 4.5100 4.5100 4.5100 4.4900 4.4900 4.4900 4.5000 4.4700 4.4700 4.5000 4.5100 4.5200 4.5100 4.5100 4.5000 4.4800 4.4600 4.4700 4.4500 4.4500 4.4300 4.4500 4.4400 4.4400 4.4300 4.4300 4.4400 4.4300 4.4400 4.4400 4.4200 4.4300 4.4400 4.4300 4.3000 4.3300 4.3400 4.3300 4.3200 4.3300 4.3600 4.3800 4.3700 4.3400
nan nan nan nan nan nan nan nan nan nan nan nan nan nan nan nan nan nan 4.5000 nan nan 4.4900 4.4800 4.4900 4.4800 4.4800 4.4800 4.5100 4.4900 4.4900 4.5100 4.5000 4.5100 4.5400 4.5300 4.5100 4.5000 4.5100 4.5100 4.4800 4.4400 4.5200 4.5300 4.5300 4.5300 4.5200 4.5000 4.4900 4.5000 4.4900 4.4900 4.4800 4.4300 4.4300 4.4400 4.4200 4.4500 4.4900 4.5100 4.4900 4.4800 4.4900 4.4900 4.4500 4.4500 4.4500 4.4200 4.3700 4.3500 4.3400 4.3400 4.3400 4.3800 4.3800 4.3800 4.3500 4.3100
nan nan nan nan nan nan nan nan nan nan nan nan nan nan nan nan 4.4800 4.4700 4.4700 4.4700 4.4700 4.4900 4.4700 4.4600 4.4800 4.4500 4.4700 4.4900 4.4800 4.4900 4.5400 4.5400 4.5300 4.5500 4.5400 4.5400 4.4700 4.5100 4.5200 4.5200 4.4500 4.5100 4.5200 4.5600 4.4900 4.5400 4.5200 4.5100 4.5100 4.5000 4.5000 4.4500 4.4300 4.4200 4.4600 4.4800 4.5000 4.5200 4.5300 4.5100 4.5300 4.5300 4.5300 4.4700 4.4700 4.4600 4.4400 4.4000 4.3600 4.3400 4.3300 4.3300 4.3500 4.3500 4.3500 4.3300 4.3000
nan nan nan nan nan nan nan nan nan nan nan nan nan 4.4800 4.4800 4.4700 4.4600 4.4700 4.4800 4.4400 4.5000 4.5000 4.4500 4.4200 4.4800 4.4700 4.4800 4.4800 4.5000 4.5000 4.5200 4.5300 4.5300 4.5600 4.5200 4.5700 4.4900 4.5700 4.5000 4.5300 4.4000 4.5500 4.5800 4.5700 4.5400 4.5500 4.5500 4.5200 4.5100 4.4800 4.4500 4.4200 4.4600 4.4100 4.4800 4.5000 4.5100 4.5300 4.5400 4.5300 4.5400 4.5500 4.5400 4.4900 4.4700 4.4700 4.4900 4.4200 4.4100 4.3900 4.3100 4.3600 4.3500 4.3500 4.3400 4.3300 4.3200
4.5900 4.6000 4.5800 4.5700 4.5600 4.5400 nan nan 4.5100 4.4800 4.4900 4.4800 4.4700 4.4800 4.4800 4.4900 4.4500 4.4700 4.5200 4.4700 4.4600 4.5300 4.4700 4.4300 4.4700 4.5300 4.5100 4.5100 4.5400 4.5100 4.5100 4.5300 4.5300 4.5600 4.5700 4.5800 4.5700 4.5900 4.5300 4.5300 4.5100 4.5400 4.5500 4.5400 4.5300 4.5100 4.4900 4.5100 4.5000 4.5500 4.5600 4.4900 4.5100 4.5000 4.4900 4.5100 4.5200 4.5300 4.5300 4.5300 4.5300 4.5000 4.5300 4.5000 4.4700 4.4900 4.4800 4.4500 4.4500 4.4200 4.2800 4.3800 4.3600 4.3900 4.3800 4.3600 4.3600
4.6100 4.6100 4.5800 4.5500 4.5600 4.4600 4.5000 4.5100 4.4600 4.4700 4.4600 4.5300 4.5100 4.5000 4.4600 4.5200 4.4700 4.4400 4.5100 4.5200 4.4700 4.5500 4.4700 4.4700 4.4900 4.5500 4.5400 4.5500 4.5400 4.5200 4.5100 4.5500 4.5400 4.5500 4.5800 4.5800 4.5800 4.6000 4.5600 4.5800 4.5700 4.5200 4.5000 4.5000 4.5500 4.5200 4.5900 4.6100 4.5800 4.5700 4.5700 4.5400 4.5200 4.5100 4.5100 4.5200 4.5200 4.5200 4.5100 4.5200 4.5200 4.5200 4.5200 4.5100 4.4800 4.4600 4.4700 4.4400 4.4300 4.4200 4.3800 4.3800 4.4000 4.3900 4.4100 4.4000 4.3900
4.6000 4.6600 4.6200 4.5800 4.5700 4.4500 4.4900 4.5000 4.4200 4.5200 4.4400 4.4700 4.5400 4.5300 4.4800 4.5400 4.4800 4.4600 4.4600 4.5300 4.5500 4.5500 4.5300 4.5400 4.5500 4.5500 4.5500 4.5500 4.5300 4.5300 4.5300 4.5300 4.5400 4.5700 4.5900 4.5700 4.5700 4.6100 4.5800 4.5300 4.5400 4.5600 4.6000 4.6200 4.6300 4.6100 4.6100 4.6000 4.5900 4.5900 4.5800 4.5500 4.5400 4.5200 4.5200 4.5000 4.5000 4.5100 4.5200 4.5200 4.5300 4.5300 4.5200 4.5200 4.4700 4.4800 4.4900 4.4600 4.4500 4.4400 4.4100 4.4200 4.4100 4.4100 4.4100 4.4100 4.4000
4.6300 4.6400 4.6200 4.5500 4.5000 4.4600 4.5000 4.5100 4.4700 4.5300 4.4900 4.4500 4.4800 4.5400 4.5600 4.5600 4.5100 4.4700 4.4800 4.5300 4.5600 4.5500 4.5500 4.5400 4.5300 4.5300 4.5400 4.5300 4.5300 4.5300 4.5300 4.5300 4.5300 4.5700 4.5800 4.5700 4.5300 4.5100 4.5000 4.6300 4.6700 4.6500 4.6500 4.6600 4.6400 4.6300 4.6100 4.6100 4.6100 4.5800 4.5700 4.5700 4.5400 4.5200 4.5000 4.5300 4.5200 4.5300 4.5300 4.5200 4.5300 4.5200 4.5200 4.5100 4.5000 4.4900 4.4800 4.4700 4.4600 4.4500 4.4300 4.4100 4.4200 4.4000 4.3800 4.3900 4.3700
4.6400 4.6200 4.5500 4.4900 4.4900 4.5000 4.5100 4.5100 4.5100 4.5100 4.4700 4.5000 4.4900 4.5500 4.5500 4.5200 4.5000 4.5000 4.5300 4.5400 4.5400 4.5300 4.5300 4.5300 4.5100 4.5200 4.5200 4.5200 4.5200 4.5100 4.5000 4.5100 4.5400 4.5400 4.5300 4.5000 4.4400 4.5800 4.6500 4.6600 4.6700 4.6600 4.6600 4.6600 4.6600 4.6500 4.6000 4.6100 4.5900 4.5700 4.5500 4.5500 4.5300 4.5200 4.5300 4.5200 4.5300 4.5300 4.5300 4.5300 4.5300 4.5300 4.5200 4.5100 4.5000 4.4900 4.4800 4.4700 4.4600 4.4500 4.4300 4.4200 4.4100 4.3900 4.3700 4.3800 4.3700
4.5800 4.5800 4.5400 4.4700 4.4800 4.5500 4.5500 4.5400 4.5000 4.4700 4.5100 4.5200 4.5500 4.5500 4.5400 4.5300 4.5200 4.5200 4.5200 4.5100 4.5000 4.5000 4.5000 4.5100 4.5000 4.5100 4.5100 4.4900 4.5200 4.5300 4.4900 4.5300 4.5100 4.4900 4.4600 4.5800 4.6400 4.6400 4.6500 4.6700 4.6800 4.6800 4.6800 4.6600 4.6400 4.6200 4.6000 4.5900 4.5800 4.5700 4.5600 4.5600 4.5400 4.5200 4.5100 4.5100 4.5100 4.5200 4.5200 4.5300 4.5300 4.5300 4.5200 4.5100 4.5000 4.4900 4.4800 4.4700 4.4600 4.4500 4.4300 4.4200 4.4000 4.3900 4.3900 4.3800 4.3700
4.5400 4.5100 4.4900 4.4500 4.4600 4.5700 4.5400 4.5000 4.5000 4.5200 4.5400 4.5400 4.5300 4.5300 4.5200 4.5200 4.5100 4.5100 4.5000 4.5000 4.4900 4.4900 4.4900 4.4800 4.4900 4.4800 4.5100 4.4900 4.5100 4.5100 4.5100 4.5000 4.5400 4.5600 4.4400 4.6100 4.6300 4.6300 4.6400 4.6800 4.6700 4.6800 4.6700 4.6400 4.6300 4.6100 4.6000 4.5900 4.5800 4.5700 4.5500 4.5400 4.5300 4.5300 4.5300 4.5300 4.5200 4.5200 4.5300 4.5300 4.5300 4.5300 4.5200 4.5100 4.5000 4.4900 4.4800 4.4700 4.4600 4.4500 4.4300 4.4100 4.4000 4.3900 4.3800 4.3800 4.3700
4.5100 4.4800 4.4700 4.4500 4.4800 4.5500 4.5100 4.5400 4.5300 4.5300 4.5200 4.5200 4.5100 4.5100 4.5000 4.5100 4.5000 4.5000 4.4900 4.4800 4.4700 4.4700 4.4700 4.4700 4.4700 4.4800 4.4800 4.4900 4.4800 4.4500 4.4800 4.5200 4.5400 4.5700 4.5300 4.5800 4.6200 4.6200 4.6400 4.6500 4.6600 4.6700 4.6500 4.6400 4.6200 4.6100 4.5900 4.5800 4.5500 4.5300 4.5400 4.5400 4.5400 4.5300 4.5300 4.5300 4.5000 4.5200 4.5200 4.5300 4.5300 4.5300 4.5200 4.5100 4.4900 4.4900 4.4700 4.4700 4.4500 4.4400 4.4300 4.4100 4.4000 4.3900 4.3800 4.3800 4.3700
4.5400 4.5200 4.4700 4.4400 4.5100 4.5500 4.5400 4.5300 4.5200 4.5000 4.5000 4.4900 4.4900 4.4700 4.5100 4.4900 4.4800 4.4700 4.4500 4.4400 4.4200 4.4300 4.4300 4.4300 4.4300 4.4200 4.4500 4.4600 4.4800 4.4900 4.5000 4.5300 4.5500 4.5600 4.5700 4.5400 4.6000 4.6100 4.6300 4.6300 4.6400 4.6400 4.6400 4.6100 4.6200 4.5900 4.5700 4.5600 4.5200 4.5200 4.5300 4.5300 4.5200 4.5300 4.5100 4.5200 4.5000 4.5100 4.5100 4.5200 4.5200 4.5200 4.5100 4.5000 4.4900 4.4700 4.4700 4.4500 4.4500 4.4300 4.4200 4.4100 4.3900 4.3800 4.3800 4.3700 4.3700
4.5300 4.4800 4.4600 4.4900 4.5100 4.5100 4.5100 4.4900 4.4900 4.4800 4.4700 4.4700 4.4700 4.4600 4.4600 4.4600 4.4500 4.4300 4.4200 4.4100 4.4000 4.4000 4.4100 4.4100 4.4200 4.4400 4.4600 4.4800 4.4900 4.5100 4.5100 4.5200 4.5300 4.5500 4.5700 4.5500 4.5900 4.6000 4.6100 4.6200 4.6300 4.6400 4.6100 4.6100 4.6000 4.5900 4.5700 4.5300 4.5100 4.5100 4.5000 4.5000 4.5000 4.5000 4.4900 4.4900 4.4900 4.5000 4.5000 4.5000 4.5100 4.5100 4.4900 4.4900 4.4700 4.4700 4.4500 4.4500 4.4400 4.4300 4.4100 4.4000 4.3900 4.3800 4.3700 4.3700 4.3600
4.5000 4.4900 4.4700 4.4700 4.4800 4.4800 4.4700 4.4500 4.4800 4.4700 4.4700 4.4600 4.4400 4.4300 4.4300 4.4300 4.4100 4.4000 4.3800 4.3700 4.3700 4.3700 4.3800 4.3900 4.4100 4.4300 4.4500 4.4600 4.4800 4.4900 4.5000 4.5100 4.5300 4.5400 4.5500 4.5500 4.5700 4.5900 4.6000 4.6100 4.6200 4.6200 4.6100 4.6000 4.5800 4.5700 4.5400 4.5000 4.4900 4.4800 4.4700 4.4700 4.4700 4.4700 4.4600 4.5000 4.4700 4.4800 4.4900 4.4900 4.4900 4.4900 4.4800 4.4700 4.4600 4.4500 4.4500 4.4400 4.4300 4.4200 4.4100 4.3900 4.3800 4.3700 4.3700 4.3600 4.3600
4.4700 4.4700 4.4600 4.4700 4.4600 4.4700 4.4700 4.4700 4.4700 4.4400 4.4300 4.4200 4.4100 4.4000 4.4000 4.3800 4.3600 4.3400 4.3400 4.3500 4.3200 4.3200 4.3400 4.3600 4.3800 4.3900 4.3900 4.4200 4.4500 4.4600 4.4800 4.4900 4.4900 4.5000 4.5100 4.5300 4.5500 4.5600 4.5700 4.5800 4.5900 4.5900 4.5800 4.5700 4.5700 4.5400 4.5200 4.4600 4.4400 4.4300 4.4200 4.4300 4.4400 4.4400 4.4500 4.4600 4.4600 4.4600 4.4500 4.4600 4.4600 4.4600 4.4600 4.4400 4.4200 4.4300 4.4200 4.4100 4.4100 4.3900 4.3800 4.3700 4.3500 4.3400 4.3400 4.3400 4.3400
4.5300 4.4700 4.4800 4.4700 4.4900 4.4800 4.4700 4.4500 4.4300 4.4200 4.4100 4.4000 4.3800 4.3600 4.3500 4.3300 4.3000 4.3100 4.2900 4.2900 4.2500 4.2800 4.2900 4.2900 4.3000 4.3400 4.3500 4.3800 4.3900 4.4000 4.4100 4.4200 4.4300 4.4500 4.4700 4.4900 4.5100 4.5200 4.5400 4.5500 4.5600 4.5600 4.5500 4.5500 4.5300 4.5000 4.4700 4.4300 4.3900 4.3700 4.3700 4.3900 4.4100 4.4200 4.4400 4.4400 4.4300 4.4100 4.4100 4.3900 4.4100 4.4000 4.4000 4.4300 4.3300 4.3800 4.3800 4.3800 4.3700 4.3500 4.3400 4.3200 4.3000 4.3000 4.3000 4.3100 4.3100
4.5800 4.5100 4.5100 4.5000 4.4800 4.4700 4.4400 4.4300 4.4500 4.4200 4.3800 4.3600 4.3200 4.3000 4.3000 4.2900 4.2300 4.2700 4.2800 4.2600 4.1800 4.2300 4.2300 4.2700 4.2800 4.2800 4.2900 4.3000 4.3100 4.3300 4.3400 4.3600 4.3700 4.3900 4.4200 4.4500 4.4700 4.4900 4.5000 4.5100 4.5300 4.5300 4.5200 4.5200 4.4900 4.4600 4.4500 4.4000 4.3000 4.3200 4.3400 4.3500 4.3400 4.3600 4.3600 4.3500 4.3500 4.3600 4.3800 4.3400 4.3500 4.3400 4.3200 4.4100 4.3300 4.3700 4.3500 4.3300 4.3500 4.3000 4.2900 4.2700 4.2500 4.2500 4.2600 4.2700 4.2800
4.5700 4.5400 4.5100 4.4900 4.4700 4.4400 4.4300 4.4400 4.4300 4.3800 4.3400 4.3100 4.3000 4.3000 4.2800 4.2400 4.2200 4.2300 4.1900 4.2500 4.1800 4.1800 4.2000 4.2000 4.2100 4.2200 4.2200 4.2400 4.2500 4.2600 4.2800 4.3000 4.3200 4.3400 4.3800 4.4000 4.4300 4.4500 4.4600 4.4700 4.4900 4.5000 4.4800 4.4700 4.4800 4.4200 4.4200 4.3900 4.2600 4.2800 4.2800 4.2700 4.2800 4.2800 4.2900 4.2800 4.3000 4.3500 4.3100 4.3400 4.2800 4.3100 4.3400 4.3900 4.3700 4.3300 4.3200 4.3100 4.2900 4.2700 4.2400 4.2200 4.2000 4.1900 4.2100 4.2400 4.2500
4.5300 4.5300 4.5200 4.4900 4.4600 4.4400 4.4300 4.4000 4.4000 4.3800 4.3000 4.3200 4.3200 4.2800 4.2400 4.2100 4.2000 4.1800 4.1700 4.2000 4.1800 4.1600 4.1400 4.1400 4.1400 4.1400 4.1500 4.1600 4.1700 4.1800 4.2100 4.2300 4.2500 4.2800 4.3100 4.3400 4.3800 4.3800 4.4100 4.3800 4.4400 4.4300 4.4100 4.4300 4.4800 4.3800 4.3900 4.3100 4.2300 4.1900 4.1900 4.2000 4.2000 4.2100 4.2500 4.2200 4.2400 4.3300 4.2500 4.3000 4.2300 4.2700 4.2900 4.3200 4.3500 4.3500 4.2200 4.2300 4.2100 4.2400 4.1900 4.1600 4.1400 4.1400 4.1700 4.1900 4.2100
4.5200 4.5200 4.4900 4.4700 4.4500 4.4300 4.4100 4.4000 4.3800 4.3600 4.4100 4.3700 4.3300 4.2700 4.2300 4.2100 4.1800 4.2200 4.1300 4.2000 4.1200 4.0900 4.0900 4.0900 4.0900 4.0900 4.0800 4.0800 4.0900 4.1000 4.1200 4.1400 4.1600 4.2000 4.2300 4.2600 4.3100 4.3200 4.3300 4.3600 4.3800 4.3700 4.3700 4.4100 4.3900 4.3500 4.2900 4.2500 nan nan nan nan 4.1400 4.1700 4.1900 4.1600 4.2200 4.2600 4.2400 4.2300 4.1900 4.1900 4.1900 4.2000 4.2000 4.2500 4.2200 4.1400 4.1500 4.1800 4.1800 4.1200 4.0900 4.0700 4.1100 4.1400 4.1600
4.5000 4.4800 4.4700 4.4800 4.4400 4.4300 4.4300 4.3900 4.3800 4.4400 4.4300 4.3700 4.3100 4.2500 4.2200 4.2000 4.2600 4.2400 4.2300 4.1900 4.1100 4.0700 4.0500 4.0300 4.0500 4.0200 4.0100 4.0100 4.0000 4.0100 4.0300 4.0500 4.0700 4.0900 4.1400 4.1800 4.2300 4.2400 4.2600 4.2800 4.2900 4.3100 4.3300 4.3100 4.2800 4.2400 4.2000 nan nan nan nan nan 4.0900 4.1000 4.1400 4.0900 4.1200 4.1900 4.1700 4.0900 4.0900 4.0900 4.1000 4.1100 4.1000 4.0700 4.1400 4.0700 4.1000 4.1000 4.1400 4.1300 4.0100 4.0100 4.0600 4.0900 4.1100
4.4900 4.4800 4.4700 4.4500 4.4100 4.4100 4.4500 4.4400 4.4100 4.4300 4.4500 4.3700 4.3000 4.2300 4.2500 4.1800 4.2500 4.2800 4.2400 4.1900 4.0900 4.0300 4.0000 4.0000 4.0100 3.9800 3.9300 3.9200 3.9100 3.9100 3.9300 3.9300 4.0100 4.0500 4.0800 4.1100 4.1500 4.1700 4.2200 4.2400 4.2600 4.2500 4.2300 4.2000 nan nan nan nan nan nan nan nan nan 4.0500 4.0800 4.0400 4.0500 4.1500 4.0700 4.0200 4.0100 3.9800 4.0000 4.0200 4.0300 4.0000 3.9900 4.0300 4.0700 4.0300 4.0800 4.1100 3.9600 3.9800 3.9900 4.0300 4.0500
4.4700 4.4700 4.4600 4.4500 4.4400 4.4400 4.4700 4.4900 4.4200 4.4300 4.4500 4.3500 4.2900 4.2800 4.3000 4.2600 4.2500 4.2300 4.2400 4.2000 4.1000 4.0300 4.0200 4.0100 3.9500 3.9200 3.8900 3.8700 3.8500 3.8400 3.8700 3.9200 3.9400 3.9600 4.0000 4.0400 4.0800 4.1100 4.1100 4.1900 4.1900 4.1800 nan nan nan nan nan nan nan nan nan nan nan nan nan nan nan 4.0700 3.9900 4.0200 3.9100 3.9000 3.9500 3.9300 3.9100 3.9300 3.9400 3.9900 4.0700 4.0800 4.0700 4.0600 3.9900 3.9700 3.9400 3.9800 4.0000
4.4500 4.4500 4.4500 4.4400 4.4400 4.4500 4.4700 4.5100 4.4700 4.4700 4.4800 4.4200 4.3800 4.3400 4.3600 4.3400 4.3200 4.2900 4.2900 4.1800 4.1300 4.1100 4.0500 3.9600 3.9200 3.9100 3.8400 3.8200 3.8300 3.8000 3.8400 3.8800 3.8700 3.8900 3.9300 3.9700 3.9900 4.0100 4.0900 4.1000 4.1200 nan nan nan nan nan nan nan nan nan nan nan nan nan nan nan 4.1000 4.0300 4.0300 4.0000 3.8800 3.9400 3.9700 3.8700 3.8200 3.9000 3.8900 3.9100 4.0000 4.0300 4.0600 4.0500 3.9900 3.9600 3.9100 3.9300 3.9700
4.4600 4.4500 4.4400 4.4400 4.4400 4.4400 4.4300 4.4200 4.4900 4.4700 4.4400 4.4400 4.4500 4.4300 4.4100 4.3800 4.3800 4.3700 4.3500 4.2900 4.2400 4.1600 4.0300 3.9700 3.9800 3.8600 3.8000 3.7500 3.9100 3.8200 3.7900 3.7900 3.8500 3.8200 3.8400 3.8800 3.9400 3.9000 4.0100 4.0600 nan nan nan nan nan nan nan nan nan nan nan nan nan nan nan nan 4.1100 4.0400 4.0700 3.9700 3.9000 3.9800 3.9800 3.7400 3.8600 3.9200 3.8600 3.8400 3.9100 3.9000 3.9200 3.9500 3.8600 3.8300 3.8400 3.9000 3.9400
4.4400 4.4200 4.4400 4.4300 4.4200 4.4300 4.4400 4.4600 4.4500 4.4100 4.3900 4.3800 4.4600 4.4600 4.4400 4.4300 4.4200 4.4000 4.3600 4.3000 4.2700 4.2200 4.1300 4.0300 3.9800 3.8500 3.8000 3.8900 3.8500 3.7800 3.7600 3.7200 3.8200 3.7400 3.8200 3.8300 3.8300 3.8500 3.9300 4.0200 4.0700 nan nan nan nan nan nan nan nan nan nan nan nan nan nan 4.1400 nan nan 4.0900 4.0200 3.9000 3.9500 3.8600 3.8200 3.8500 3.9000 3.8900 3.8100 3.7900 3.8600 3.9200 3.7900 3.7500 3.7800 3.8300 3.8900 3.8900
4.4000 4.4100 4.4100 4.4100 4.4500 4.4500 4.4500 4.4300 4.4100 4.3800 4.3700 4.3600 4.4500 4.4600 4.4400 4.4200 4.4100 4.3500 4.2800 4.3200 4.3000 4.2500 4.1300 4.0800 4.0500 3.9900 3.9300 3.9000 3.8600 3.8100 3.7400 3.7300 3.8100 3.7000 3.8200 3.8100 3.8400 3.8800 3.7700 4.0300 4.0700 nan nan nan nan nan nan nan nan nan nan nan nan nan nan nan nan nan nan 4.0500 3.9700 3.9400 3.8900 3.8900 3.9400 3.9400 3.8500 3.8100 3.7800 3.8400 3.8200 3.7300 3.7800 3.8500 3.8800 3.8500 3.8000
4.3500 4.3600 4.4200 4.4200 4.4100 4.4000 4.4100 4.3900 4.3700 4.3700 4.3800 4.4100 4.4700 4.4600 4.4400 4.4000 4.3700 4.3400 4.3400 4.3100 4.3100 4.2400 4.1400 4.0800 4.0700 4.0100 3.9300 3.9000 3.9500 3.8400 3.7600 3.7400 3.8500 3.8200 3.7900 3.8400 3.8600 3.9100 3.7500 3.9800 nan nan nan nan nan nan nan nan nan nan nan nan nan nan nan nan nan nan nan 4.0800 4.0500 4.0000 nan nan 4.0200 3.9200 3.8700 3.8900 3.7800 3.9100 3.8400 3.7600 3.8500 3.8600 3.9100 3.7700 3.7900
4.3500 4.3700 4.3700 4.3600 4.3500 4.3400 4.3600 4.3700 4.3400 4.4000 4.4300 4.4700 4.4600 4.4600 4.4400 4.3900 4.3800 4.3100 4.3000 4.3300 4.3400 4.2100 4.1300 4.1100 4.0500 3.9600 3.9300 3.9400 4.0000 3.8300 3.7800 3.8200 3.8700 3.8800 3.7600 3.8600 3.8600 3.8200 3.7500 3.9300 nan nan nan nan nan nan nan nan nan nan nan nan nan nan nan nan nan nan nan nan nan nan nan nan nan 4.0500 3.9500 3.9100 3.8700 3.9100 3.8300 3.8200 3.8600 3.9100 3.8500 3.7400 3.8200
4.3000 4.3000 4.3100 4.2900 4.3000 4.3600 4.3500 4.3800 4.3400 4.4100 4.4200 4.4600 4.4700 4.4700 4.4300 4.3800 4.3900 4.2800 4.2800 4.3300 4.2600 4.2100 4.1400 4.0900 4.0400 4.0500 4.0500 4.0000 4.0500 3.9800 3.9800 3.8800 3.8500 3.9000 3.8300 3.9100 3.8500 3.8100 3.7500 nan nan nan nan nan nan nan nan nan nan nan nan nan nan nan nan nan nan nan nan nan nan nan nan nan nan 4.0700 4.0700 3.9800 3.9600 3.9100 3.8700 3.8600 3.9000 3.9200 3.8500 3.8100 3.8500
4.2300 4.2200 4.2400 4.2400 4.3000 4.3300 4.3500 4.3700 4.4300 4.4400 4.4200 4.4900 4.4700 4.4500 4.4300 4.4200 4.4000 4.2700 4.2500 4.2400 4.2100 4.1700 4.1200 4.0900 4.1500 4.1800 nan nan nan nan nan 4.0100 nan nan 3.9700 3.9400 3.8600 3.7900 3.8400 nan nan nan nan nan nan nan nan nan nan nan nan nan nan nan nan nan nan nan nan nan nan nan nan nan nan nan 4.1100 4.0600 4.0200 4.0100 4.0000 3.9600 3.9900 3.9100 3.8900 3.8700 3.8600
4.1400 4.1200 4.1700 4.1600 4.2100 4.2300 4.2700 4.3000 4.3300 4.3200 4.4300 4.4400 4.4400 4.4300 4.4300 4.4100 4.3400 4.3300 4.2900 4.2600 4.2500 4.1800 4.1900 4.3000 4.3000 nan nan nan nan nan nan nan nan nan nan 3.9700 3.8800 3.9400 3.8300 nan nan nan nan nan nan nan nan nan nan nan nan nan nan nan nan nan nan nan nan nan nan nan nan nan nan nan nan nan nan nan nan nan nan 4.0400 4.0300 3.9600 3.9100
4.0300 4.0900 4.1000 4.0700 4.1400 4.1400 4.2300 4.2100 4.2800 4.3700 4.3700 4.4300 4.4300 4.4200 4.4000 4.3700 4.3200 4.2900 4.2400 4.2500 4.3300 4.2000 4.1700 nan nan nan nan nan nan nan nan nan nan nan nan 3.9100 nan nan nan nan nan nan nan nan nan nan nan nan nan nan nan nan nan nan nan nan nan nan nan nan nan nan nan nan nan nan nan nan nan nan nan nan nan nan nan nan 4.0100
4.1500 4.0900 4.0100 4.0300 4.0400 4.0600 4.1600 4.2300 4.2800 4.3500 4.4000 4.4000 4.3900 4.3800 4.3600 4.3500 4.3600 4.3600 4.3800 4.4300 nan nan nan nan nan nan nan nan nan nan nan nan nan nan nan nan nan nan nan nan nan nan nan nan nan nan nan nan nan nan nan nan nan nan nan nan nan nan nan nan nan nan nan nan nan nan nan nan nan nan nan nan nan nan nan nan nan
